   4.5000000e+02   4.9910712e+00   2.1599157e-01   3.4876822e-02   4.9910712e+00   2.1599157e-01   3.4876822e-02
   4.5010000e+02   4.9914796e+00   2.1805610e-01   4.6855000e-02   4.9914796e+00   2.1805610e-01   4.6855000e-02
   4.5020000e+02   4.9918592e+00   2.1946191e-01   5.8686480e-02   4.9918592e+00   2.1946191e-01   5.8686480e-02
   4.5030000e+02   4.9922052e+00   2.2020484e-01   7.0335024e-02   4.9922052e+00   2.2020484e-01   7.0335024e-02
   4.5040000e+02   4.9925128e+00   2.2028259e-01   8.1764996e-02   4.9925128e+00   2.2028259e-01   8.1764996e-02
   4.5050000e+02   4.9927792e+00   2.1969481e-01   9.2941496e-02   4.9927792e+00   2.1969481e-01   9.2941496e-02
   4.5060000e+02   4.9929996e+00   2.1844302e-01   1.0383049e-01   4.9929996e+00   2.1844302e-01   1.0383049e-01
   4.5070000e+02   4.9931724e+00   2.1653070e-01   1.1439891e-01   4.9931724e+00   2.1653070e-01   1.1439891e-01
   4.5080000e+02   4.9932948e+00   2.1396320e-01   1.2461476e-01   4.9932948e+00   2.1396320e-01   1.2461476e-01
   4.5090000e+02   4.9933648e+00   2.1074783e-01   1.3444724e-01   4.9933648e+00   2.1074783e-01   1.3444724e-01
   4.5100000e+02   4.9933820e+00   2.0689379e-01   1.4386681e-01   4.9933820e+00   2.0689379e-01   1.4386681e-01
   4.5110000e+02   4.9933456e+00   2.0241220e-01   1.5284530e-01   4.9933456e+00   2.0241220e-01   1.5284530e-01
   4.5120000e+02   4.9932564e+00   1.9731603e-01   1.6135597e-01   4.9932564e+00   1.9731603e-01   1.6135597e-01
   4.5130000e+02   4.9931148e+00   1.9162014e-01   1.6937360e-01   4.9931148e+00   1.9162014e-01   1.6937360e-01
   4.5140000e+02   4.9929228e+00   1.8534122e-01   1.7687451e-01   4.9929228e+00   1.8534122e-01   1.7687451e-01
   4.5150000e+02   4.9926820e+00   1.7849772e-01   1.8383665e-01   4.9926820e+00   1.7849772e-01   1.8383665e-01
   4.5160000e+02   4.9923960e+00   1.7110986e-01   1.9023964e-01   4.9923960e+00   1.7110986e-01   1.9023964e-01
   4.5170000e+02   4.9920676e+00   1.6319957e-01   1.9606478e-01   4.9920676e+00   1.6319957e-01   1.9606478e-01
   4.5180000e+02   4.9917012e+00   1.5479039e-01   2.0129512e-01   4.9917012e+00   1.5479039e-01   2.0129512e-01
   4.5190000e+02   4.9913004e+00   1.4590745e-01   2.0591546e-01   4.9913004e+00   1.4590745e-01   2.0591546e-01
   4.5200000e+02   4.9908708e+00   1.3657737e-01   2.0991241e-01   4.9908708e+00   1.3657737e-01   2.0991241e-01
   4.5210000e+02   4.9904168e+00   1.2682820e-01   2.1327436e-01   4.9904168e+00   1.2682820e-01   2.1327436e-01
   4.5220000e+02   4.9899444e+00   1.1668934e-01   2.1599157e-01   4.9899444e+00   1.1668934e-01   2.1599157e-01
   4.5230000e+02   4.9894588e+00   1.0619144e-01   2.1805610e-01   4.9894588e+00   1.0619144e-01   2.1805610e-01
   4.5240000e+02   4.9889660e+00   9.5366304e-02   2.1946191e-01   4.9889660e+00   9.5366304e-02   2.1946191e-01
   4.5250000e+02   4.9884720e+00   8.4246808e-02   2.2020484e-01   4.9884720e+00   8.4246808e-02   2.2020484e-01
   4.5260000e+02   4.9879824e+00   7.2866796e-02   2.2028259e-01   4.9879824e+00   7.2866796e-02   2.2028259e-01
   4.5270000e+02   4.9875032e+00   6.1260956e-02   2.1969481e-01   4.9875032e+00   6.1260956e-02   2.1969481e-01
   4.5280000e+02   4.9870400e+00   4.9464724e-02   2.1844302e-01   4.9870400e+00   4.9464724e-02   2.1844302e-01
   4.5290000e+02   4.9865984e+00   3.7514166e-02   2.1653070e-01   4.9865984e+00   3.7514166e-02   2.1653070e-01
   4.5300000e+02   4.9861836e+00   2.5445858e-02   2.1396320e-01   4.9861836e+00   2.5445858e-02   2.1396320e-01
   4.5310000e+02   4.9858000e+00   1.3296767e-02   2.1074783e-01   4.9858000e+00   1.3296767e-02   2.1074783e-01
   4.5320000e+02   4.9854532e+00   1.1041329e-03   2.0689379e-01   4.9854532e+00   1.1041329e-03   2.0689379e-01
   4.5330000e+02   4.9851460e+00  -1.1094659e-02   2.0241220e-01   4.9851460e+00  -1.1094659e-02   2.0241220e-01
   4.5340000e+02   4.9848828e+00  -2.3262199e-02   1.9731603e-01   4.9848828e+00  -2.3262199e-02   1.9731603e-01
   4.5350000e+02   4.9846664e+00  -3.5361179e-02   1.9162014e-01   4.9846664e+00  -3.5361179e-02   1.9162014e-01
   4.5360000e+02   4.9844992e+00  -4.7354516e-02   1.8534122e-01   4.9844992e+00  -4.7354516e-02   1.8534122e-01
   4.5370000e+02   4.9843836e+00  -5.9205476e-02   1.7849772e-01   4.9843836e+00  -5.9205476e-02   1.7849772e-01
   4.5380000e+02   4.9843200e+00  -7.0877796e-02   1.7110986e-01   4.9843200e+00  -7.0877796e-02   1.7110986e-01
   4.5390000e+02   4.9843100e+00  -8.2335812e-02   1.6319957e-01   4.9843100e+00  -8.2335812e-02   1.6319957e-01
   4.5400000e+02   4.9843532e+00  -9.3544572e-02   1.5479039e-01   4.9843532e+00  -9.3544572e-02   1.5479039e-01
   4.5410000e+02   4.9844492e+00  -1.0446996e-01   1.4590745e-01   4.9844492e+00  -1.0446996e-01   1.4590745e-01
   4.5420000e+02   4.9845964e+00  -1.1507881e-01   1.3657737e-01   4.9845964e+00  -1.1507881e-01   1.3657737e-01
   4.5430000e+02   4.9847936e+00  -1.2533901e-01   1.2682820e-01   4.9847936e+00  -1.2533901e-01   1.2682820e-01
   4.5440000e+02   4.9850380e+00  -1.3521962e-01   1.1668934e-01   4.9850380e+00  -1.3521962e-01   1.1668934e-01
   4.5450000e+02   4.9853268e+00  -1.4469095e-01   1.0619144e-01   4.9853268e+00  -1.4469095e-01   1.0619144e-01
   4.5460000e+02   4.9856564e+00  -1.5372466e-01   9.5366304e-02   4.9856564e+00  -1.5372466e-01   9.5366304e-02
   4.5470000e+02   4.9860228e+00  -1.6229383e-01   8.4246808e-02   4.9860228e+00  -1.6229383e-01   8.4246808e-02
   4.5480000e+02   4.9864220e+00  -1.7037304e-01   7.2866796e-02   4.9864220e+00  -1.7037304e-01   7.2866796e-02
   4.5490000e+02   4.9868484e+00  -1.7793843e-01   6.1260956e-02   4.9868484e+00  -1.7793843e-01   6.1260956e-02
   4.5500000e+02   4.9872980e+00  -1.8496772e-01   4.9464724e-02   4.9872980e+00  -1.8496772e-01   4.9464724e-02
   4.5510000e+02   4.9877644e+00  -1.9144032e-01   3.7514166e-02   4.9877644e+00  -1.9144032e-01   3.7514166e-02
   4.5520000e+02   4.9882428e+00  -1.9733731e-01   2.5445858e-02   4.9882428e+00  -1.9733731e-01   2.5445858e-02
   4.5530000e+02   4.9887268e+00  -2.0264149e-01   1.3296767e-02   4.9887268e+00  -2.0264149e-01   1.3296767e-02
   4.5540000e+02   4.9892112e+00  -2.0733743e-01   1.1041329e-03   4.9892112e+00  -2.0733743e-01   1.1041329e-03
   4.5550000e+02   4.9896896e+00  -2.1141149e-01  -1.1094659e-02   4.9896896e+00  -2.1141149e-01  -1.1094659e-02
   4.5560000e+02   4.9901572e+00  -2.1485183e-01  -2.3262199e-02   4.9901572e+00  -2.1485183e-01  -2.3262199e-02
   4.5570000e+02   4.9906072e+00  -2.1764842e-01  -3.5361179e-02   4.9906072e+00  -2.1764842e-01  -3.5361179e-02
   4.5580000e+02   4.9910356e+00  -2.1979313e-01  -4.7354516e-02   4.9910356e+00  -2.1979313e-01  -4.7354516e-02
   4.5590000e+02   4.9914360e+00  -2.2127965e-01  -5.9205476e-02   4.9914360e+00  -2.2127965e-01  -5.9205476e-02
   4.5600000e+02   4.9918048e+00  -2.2210358e-01  -7.0877796e-02   4.9918048e+00  -2.2210358e-01  -7.0877796e-02
   4.5610000e+02   4.9921368e+00  -2.2226244e-01  -8.2335812e-02   4.9921368e+00  -2.2226244e-01  -8.2335812e-02
   4.5620000e+02   4.9924284e+00  -2.2175562e-01  -9.3544572e-02   4.9924284e+00  -2.2175562e-01  -9.3544572e-02
   4.5630000e+02   4.9926764e+00  -2.2058447e-01  -1.0446996e-01   4.9926764e+00  -2.2058447e-01  -1.0446996e-01
   4.5640000e+02   4.9928772e+00  -2.1875224e-01  -1.1507881e-01   4.9928772e+00  -2.1875224e-01  -1.1507881e-01
   4.5650000e+02   4.9930292e+00  -2.1626411e-01  -1.2533901e-01   4.9930292e+00  -2.1626411e-01  -1.2533901e-01
   4.5660000e+02   4.9931304e+00  -2.1312718e-01  -1.3521962e-01   4.9931304e+00  -2.1312718e-01  -1.3521962e-01
   4.5670000e+02   4.9931800e+00  -2.0935047e-01  -1.4469095e-01   4.9931800e+00  -2.0935047e-01  -1.4469095e-01
   4.5680000e+02   4.9931768e+00  -2.0494487e-01  -1.5372466e-01   4.9931768e+00  -2.0494487e-01  -1.5372466e-01
   4.5690000e+02   4.9931216e+00  -1.9992317e-01  -1.6229383e-01   4.9931216e+00  -1.9992317e-01  -1.6229383e-01
   4.5700000e+02   4.9930148e+00  -1.9430000e-01  -1.7037304e-01   4.9930148e+00  -1.9430000e-01  -1.7037304e-01
   4.5710000e+02   4.9928580e+00  -1.8809182e-01  -1.7793843e-01   4.9928580e+00  -1.8809182e-01  -1.7793843e-01
   4.5720000e+02   4.9926536e+00  -1.8131689e-01  -1.8496772e-01   4.9926536e+00  -1.8131689e-01  -1.8496772e-01
   4.5730000e+02   4.9924036e+00  -1.7399519e-01  -1.9144032e-01   4.9924036e+00  -1.7399519e-01  -1.9144032e-01
   4.5740000e+02   4.9921112e+00  -1.6614844e-01  -1.9733731e-01   4.9921112e+00  -1.6614844e-01  -1.9733731e-01
   4.5750000e+02   4.9917808e+00  -1.5779998e-01  -2.0264149e-01   4.9917808e+00  -1.5779998e-01  -2.0264149e-01
   4.5760000e+02   4.9914156e+00  -1.4897476e-01  -2.0733743e-01   4.9914156e+00  -1.4897476e-01  -2.0733743e-01
   4.5770000e+02   4.9910212e+00  -1.3969922e-01  -2.1141149e-01   4.9910212e+00  -1.3969922e-01  -2.1141149e-01
   4.5780000e+02   4.9906016e+00  -1.3000125e-01  -2.1485183e-01   4.9906016e+00  -1.3000125e-01  -2.1485183e-01
   4.5790000e+02   4.9901620e+00  -1.1991008e-01  -2.1764842e-01   4.9901620e+00  -1.1991008e-01  -2.1764842e-01
   4.5800000e+02   4.9897088e+00  -1.0945619e-01  -2.1979313e-01   4.9897088e+00  -1.0945619e-01  -2.1979313e-01
   4.5810000e+02   4.9892468e+00  -9.8671232e-02  -2.2127965e-01   4.9892468e+00  -9.8671232e-02  -2.2127965e-01
   4.5820000e+02   4.9887820e+00  -8.7587920e-02  -2.2210358e-01   4.9887820e+00  -8.7587920e-02  -2.2210358e-01
   4.5830000e+02   4.9883200e+00  -7.6239920e-02  -2.2226244e-01   4.9883200e+00  -7.6239920e-02  -2.2226244e-01
   4.5840000e+02   4.9878668e+00  -6.4661764e-02  -2.2175562e-01   4.9878668e+00  -6.4661764e-02  -2.2175562e-01
   4.5850000e+02   4.9874276e+00  -5.2888732e-02  -2.2058447e-01   4.9874276e+00  -5.2888732e-02  -2.2058447e-01
   4.5860000e+02   4.9870076e+00  -4.0956744e-02  -2.1875224e-01   4.9870076e+00  -4.0956744e-02  -2.1875224e-01
   4.5870000e+02   4.9866128e+00  -2.8902263e-02  -2.1626411e-01   4.9866128e+00  -2.8902263e-02  -2.1626411e-01
   4.5880000e+02   4.9862472e+00  -1.6762168e-02  -2.1312718e-01   4.9862472e+00  -1.6762168e-02  -2.1312718e-01
   4.5890000e+02   4.9859156e+00  -4.5736404e-03  -2.0935047e-01   4.9859156e+00  -4.5736404e-03  -2.0935047e-01
   4.5900000e+02   4.9856224e+00   7.6259572e-03  -2.0494487e-01   4.9856224e+00   7.6259572e-03  -2.0494487e-01
   4.5910000e+02   4.9853704e+00   1.9799204e-02  -1.9992317e-01   4.9853704e+00   1.9799204e-02  -1.9992317e-01
   4.5920000e+02   4.9851636e+00   3.1908747e-02  -1.9430000e-01   4.9851636e+00   3.1908747e-02  -1.9430000e-01
   4.5930000e+02   4.9850036e+00   4.3917432e-02  -1.8809182e-01   4.9850036e+00   4.3917432e-02  -1.8809182e-01
   4.5940000e+02   4.9848932e+00   5.5788424e-02  -1.8131689e-01   4.9848932e+00   5.5788424e-02  -1.8131689e-01
   4.5950000e+02   4.9848336e+00   6.7485356e-02  -1.7399519e-01   4.9848336e+00   6.7485356e-02  -1.7399519e-01
   4.5960000e+02   4.9848252e+00   7.8972424e-02  -1.6614844e-01   4.9848252e+00   7.8972424e-02  -1.6614844e-01
   4.5970000e+02   4.9848680e+00   9.0214540e-02  -1.5779998e-01   4.9848680e+00   9.0214540e-02  -1.5779998e-01
   4.5980000e+02   4.9849624e+00   1.0117745e-01  -1.4897476e-01   4.9849624e+00   1.0117745e-01  -1.4897476e-01
   4.5990000e+02   4.9851068e+00   1.1182782e-01  -1.3969922e-01   4.9851068e+00   1.1182782e-01  -1.3969922e-01
   4.6000000e+02   4.9852992e+00   1.2213341e-01  -1.3000125e-01   4.9852992e+00   1.2213341e-01  -1.3000125e-01
   4.6010000e+02   4.9855376e+00   1.3206309e-01  -1.1991008e-01   4.9855376e+00   1.3206309e-01  -1.1991008e-01
   4.6020000e+02   4.9858196e+00   1.4158702e-01  -1.0945619e-01   4.9858196e+00   1.4158702e-01  -1.0945619e-01
   4.6030000e+02   4.9861412e+00   1.5067667e-01  -9.8671232e-02   4.9861412e+00   1.5067667e-01  -9.8671232e-02
   4.6040000e+02   4.9864988e+00   1.5930495e-01  -8.7587920e-02   4.9864988e+00   1.5930495e-01  -8.7587920e-02
   4.6050000e+02   4.9868880e+00   1.6744626e-01  -7.6239920e-02   4.9868880e+00   1.6744626e-01  -7.6239920e-02
   4.6060000e+02   4.9873044e+00   1.7507652e-01  -6.4661764e-02   4.9873044e+00   1.7507652e-01  -6.4661764e-02
   4.6070000e+02   4.9877428e+00   1.8217330e-01  -5.2888732e-02   4.9877428e+00   1.8217330e-01  -5.2888732e-02
   4.6080000e+02   4.9881980e+00   1.8871579e-01  -4.0956744e-02   4.9881980e+00   1.8871579e-01  -4.0956744e-02
   4.6090000e+02   4.9886644e+00   1.9468488e-01  -2.8902263e-02   4.9886644e+00   1.9468488e-01  -2.8902263e-02
   4.6100000e+02   4.9891364e+00   2.0006317e-01  -1.6762168e-02   4.9891364e+00   2.0006317e-01  -1.6762168e-02
   4.6110000e+02   4.9896084e+00   2.0483505e-01  -4.5736404e-03   4.9896084e+00   2.0483505e-01  -4.5736404e-03
   4.6120000e+02   4.9900748e+00   2.0898666e-01   7.6259572e-03   4.9900748e+00   2.0898666e-01   7.6259572e-03
   4.6130000e+02   4.9905292e+00   2.1250597e-01   1.9799204e-02   4.9905292e+00   2.1250597e-01   1.9799204e-02
   4.6140000e+02   4.9909668e+00   2.1538276e-01   3.1908747e-02   4.9909668e+00   2.1538276e-01   3.1908747e-02
   4.6150000e+02   4.9913816e+00   2.1760865e-01   4.3917432e-02   4.9913816e+00   2.1760865e-01   4.3917432e-02
   4.6160000e+02   4.9917688e+00   2.1917714e-01   5.5788424e-02   4.9917688e+00   2.1917714e-01   5.5788424e-02
   4.6170000e+02   4.9921232e+00   2.2008360e-01   6.7485356e-02   4.9921232e+00   2.2008360e-01   6.7485356e-02
   4.6180000e+02   4.9924408e+00   2.2032527e-01   7.8972424e-02   4.9924408e+00   2.2032527e-01   7.8972424e-02
   4.6190000e+02   4.9927176e+00   2.1990131e-01   9.0214540e-02   4.9927176e+00   2.1990131e-01   9.0214540e-02
   4.6200000e+02   4.9929500e+00   2.1881280e-01   1.0117745e-01   4.9929500e+00   2.1881280e-01   1.0117745e-01
   4.6210000e+02   4.9931344e+00   2.1706272e-01   1.1182782e-01   4.9931344e+00   2.1706272e-01   1.1182782e-01
   4.6220000e+02   4.9932692e+00   2.1465596e-01   1.2213341e-01   4.9932692e+00   2.1465596e-01   1.2213341e-01
   4.6230000e+02   4.9933524e+00   2.1159935e-01   1.3206309e-01   4.9933524e+00   2.1159935e-01   1.3206309e-01
   4.6240000e+02   4.9933828e+00   2.0790164e-01   1.4158702e-01   4.9933828e+00   2.0790164e-01   1.4158702e-01
   4.6250000e+02   4.9933596e+00   2.0357345e-01   1.5067667e-01   4.9933596e+00   2.0357345e-01   1.5067667e-01
   4.6260000e+02   4.9932832e+00   1.9862732e-01   1.5930495e-01   4.9932832e+00   1.9862732e-01   1.5930495e-01
   4.6270000e+02   4.9931544e+00   1.9307765e-01   1.6744626e-01   4.9931544e+00   1.9307765e-01   1.6744626e-01
   4.6280000e+02   4.9929744e+00   1.8694066e-01   1.7507652e-01   4.9929744e+00   1.8694066e-01   1.7507652e-01
   4.6290000e+02   4.9927456e+00   1.8023438e-01   1.8217330e-01   4.9927456e+00   1.8023438e-01   1.8217330e-01
   4.6300000e+02   4.9924704e+00   1.7297861e-01   1.8871579e-01   4.9924704e+00   1.7297861e-01   1.8871579e-01
   4.6310000e+02   4.9921524e+00   1.6519485e-01   1.9468488e-01   4.9921524e+00   1.6519485e-01   1.9468488e-01
   4.6320000e+02   4.9917948e+00   1.5690625e-01   2.0006317e-01   4.9917948e+00   1.5690625e-01   2.0006317e-01
   4.6330000e+02   4.9914020e+00   1.4813756e-01   2.0483505e-01   4.9914020e+00   1.4813756e-01   2.0483505e-01
   4.6340000e+02   4.9909788e+00   1.3891504e-01   2.0898666e-01   4.9909788e+00   1.3891504e-01   2.0898666e-01
   4.6350000e+02   4.9905304e+00   1.2926640e-01   2.1250597e-01   4.9905304e+00   1.2926640e-01   2.1250597e-01
   4.6360000e+02   4.9900620e+00   1.1922071e-01   2.1538276e-01   4.9900620e+00   1.1922071e-01   2.1538276e-01
   4.6370000e+02   4.9895792e+00   1.0880832e-01   2.1760865e-01   4.9895792e+00   1.0880832e-01   2.1760865e-01
   4.6380000e+02   4.9890876e+00   9.8060752e-02   2.1917714e-01   4.9890876e+00   9.8060752e-02   2.1917714e-01
   4.6390000e+02   4.9885936e+00   8.7010640e-02   2.2008360e-01   4.9885936e+00   8.7010640e-02   2.2008360e-01
   4.6400000e+02   4.9881024e+00   7.5691592e-02   2.2032527e-01   4.9881024e+00   7.5691592e-02   2.2032527e-01
   4.6410000e+02   4.9876200e+00   6.4138100e-02   2.1990131e-01   4.9876200e+00   6.4138100e-02   2.1990131e-01
   4.6420000e+02   4.9871524e+00   5.2385428e-02   2.1881280e-01   4.9871524e+00   5.2385428e-02   2.1881280e-01
   4.6430000e+02   4.9867048e+00   4.0469496e-02   2.1706272e-01   4.9867048e+00   4.0469496e-02   2.1706272e-01
   4.6440000e+02   4.9862828e+00   2.8426766e-02   2.1465596e-01   4.9862828e+00   2.8426766e-02   2.1465596e-01
   4.6450000e+02   4.9858916e+00   1.6294119e-02   2.1159935e-01   4.9858916e+00   1.6294119e-02   2.1159935e-01
   4.6460000e+02   4.9855348e+00   4.1087400e-03   2.0790164e-01   4.9855348e+00   4.1087400e-03   2.0790164e-01
   4.6470000e+02   4.9852176e+00  -8.0920100e-03   2.0357345e-01   4.9852176e+00  -8.0920100e-03   2.0357345e-01
   4.6480000e+02   4.9849436e+00  -2.0270717e-02   1.9862732e-01   4.9849436e+00  -2.0270717e-02   1.9862732e-01
   4.6490000e+02   4.9847152e+00  -3.2390035e-02   1.9307765e-01   4.9847152e+00  -3.2390035e-02   1.9307765e-01
   4.6500000e+02   4.9845356e+00  -4.4412816e-02   1.8694066e-01   4.9845356e+00  -4.4412816e-02   1.8694066e-01
   4.6510000e+02   4.9844072e+00  -5.6302224e-02   1.8023438e-01   4.9844072e+00  -5.6302224e-02   1.8023438e-01
   4.6520000e+02   4.9843308e+00  -6.8021872e-02   1.7297861e-01   4.9843308e+00  -6.8021872e-02   1.7297861e-01
   4.6530000e+02   4.9843076e+00  -7.9535940e-02   1.6519485e-01   4.9843076e+00  -7.9535940e-02   1.6519485e-01
   4.6540000e+02   4.9843376e+00  -9.0809284e-02   1.5690625e-01   4.9843376e+00  -9.0809284e-02   1.5690625e-01
   4.6550000e+02   4.9844208e+00  -1.0180757e-01   1.4813756e-01   4.9844208e+00  -1.0180757e-01   1.4813756e-01
   4.6560000e+02   4.9845556e+00  -1.1249740e-01   1.3891504e-01   4.9845556e+00  -1.1249740e-01   1.3891504e-01
   4.6570000e+02   4.9847404e+00  -1.2284638e-01   1.2926640e-01   4.9847404e+00  -1.2284638e-01   1.2926640e-01
   4.6580000e+02   4.9849736e+00  -1.3282327e-01   1.1922071e-01   4.9849736e+00  -1.3282327e-01   1.1922071e-01
   4.6590000e+02   4.9852516e+00  -1.4239808e-01   1.0880832e-01   4.9852516e+00  -1.4239808e-01   1.0880832e-01
   4.6600000e+02   4.9855716e+00  -1.5154211e-01   9.8060752e-02   4.9855716e+00  -1.5154211e-01   9.8060752e-02
   4.6610000e+02   4.9859292e+00  -1.6022810e-01   8.7010640e-02   4.9859292e+00  -1.6022810e-01   8.7010640e-02
   4.6620000e+02   4.9863208e+00  -1.6843025e-01   7.5691592e-02   4.9863208e+00  -1.6843025e-01   7.5691592e-02
   4.6630000e+02   4.9867412e+00  -1.7612430e-01   6.4138100e-02   4.9867412e+00  -1.7612430e-01   6.4138100e-02
   4.6640000e+02   4.9871856e+00  -1.8328760e-01   5.2385428e-02   4.9871856e+00  -1.8328760e-01   5.2385428e-02
   4.6650000e+02   4.9876484e+00  -1.8989911e-01   4.0469496e-02   4.9876484e+00  -1.8989911e-01   4.0469496e-02
   4.6660000e+02   4.9881240e+00  -1.9593951e-01   2.8426766e-02   4.9881240e+00  -1.9593951e-01   2.8426766e-02
   4.6670000e+02   4.9886072e+00  -2.0139118e-01   1.6294119e-02   4.9886072e+00  -2.0139118e-01   1.6294119e-02
   4.6680000e+02   4.9890920e+00  -2.0623824e-01   4.1087400e-03   4.9890920e+00  -2.0623824e-01   4.1087400e-03
   4.6690000e+02   4.9895728e+00  -2.1046662e-01  -8.0920100e-03   4.9895728e+00  -2.1046662e-01  -8.0920100e-03
   4.6700000e+02   4.9900432e+00  -2.1406402e-01  -2.0270717e-02   4.9900432e+00  -2.1406402e-01  -2.0270717e-02
   4.6710000e+02   4.9904984e+00  -2.1701998e-01  -3.2390035e-02   4.9904984e+00  -2.1701998e-01  -3.2390035e-02
   4.6720000e+02   4.9909324e+00  -2.1932587e-01  -4.4412816e-02   4.9909324e+00  -2.1932587e-01  -4.4412816e-02
   4.6730000e+02   4.9913404e+00  -2.2097496e-01  -5.6302224e-02   4.9913404e+00  -2.2097496e-01  -5.6302224e-02
   4.6740000e+02   4.9917172e+00  -2.2196237e-01  -6.8021872e-02   4.9917172e+00  -2.2196237e-01  -6.8021872e-02
   4.6750000e+02   4.9920588e+00  -2.2228514e-01  -7.9535940e-02   4.9920588e+00  -2.2228514e-01  -7.9535940e-02
   4.6760000e+02   4.9923608e+00  -2.2194220e-01  -9.0809284e-02   4.9923608e+00  -2.2194220e-01  -9.0809284e-02
   4.6770000e+02   4.9926196e+00  -2.2093442e-01  -1.0180757e-01   4.9926196e+00  -2.2093442e-01  -1.0180757e-01
   4.6780000e+02   4.9928324e+00  -2.1926458e-01  -1.1249740e-01   4.9928324e+00  -2.1926458e-01  -1.1249740e-01
   4.6790000e+02   4.9929968e+00  -2.1693739e-01  -1.2284638e-01   4.9929968e+00  -2.1693739e-01  -1.2284638e-01
   4.6800000e+02   4.9931104e+00  -2.1395948e-01  -1.3282327e-01   4.9931104e+00  -2.1395948e-01  -1.3282327e-01
   4.6810000e+02   4.9931728e+00  -2.1033938e-01  -1.4239808e-01   4.9931728e+00  -2.1033938e-01  -1.4239808e-01
   4.6820000e+02   4.9931824e+00  -2.0608754e-01  -1.5154211e-01   4.9931824e+00  -2.0608754e-01  -1.5154211e-01
   4.6830000e+02   4.9931400e+00  -2.0121627e-01  -1.6022810e-01   4.9931400e+00  -2.0121627e-01  -1.6022810e-01
   4.6840000e+02   4.9930460e+00  -1.9573976e-01  -1.6843025e-01   4.9930460e+00  -1.9573976e-01  -1.6843025e-01
   4.6850000e+02   4.9929012e+00  -1.8967402e-01  -1.7612430e-01   4.9929012e+00  -1.8967402e-01  -1.7612430e-01
   4.6860000e+02   4.9927084e+00  -1.8303687e-01  -1.8328760e-01   4.9927084e+00  -1.8303687e-01  -1.8328760e-01
   4.6870000e+02   4.9924692e+00  -1.7584787e-01  -1.8989911e-01   4.9924692e+00  -1.7584787e-01  -1.8989911e-01
   4.6880000e+02   4.9921872e+00  -1.6812831e-01  -1.9593951e-01   4.9921872e+00  -1.6812831e-01  -1.9593951e-01
   4.6890000e+02   4.9918656e+00  -1.5990115e-01  -2.0139118e-01   4.9918656e+00  -1.5990115e-01  -2.0139118e-01
   4.6900000e+02   4.9915088e+00  -1.5119094e-01  -2.0623824e-01   4.9915088e+00  -1.5119094e-01  -2.0623824e-01
   4.6910000e+02   4.9911208e+00  -1.4202376e-01  -2.1046662e-01   4.9911208e+00  -1.4202376e-01  -2.1046662e-01
   4.6920000e+02   4.9907068e+00  -1.3242716e-01  -2.1406402e-01   4.9907068e+00  -1.3242716e-01  -2.1406402e-01
   4.6930000e+02   4.9902720e+00  -1.2243003e-01  -2.1701998e-01   4.9902720e+00  -1.2243003e-01  -2.1701998e-01
   4.6940000e+02   4.9898216e+00  -1.1206257e-01  -2.1932587e-01   4.9898216e+00  -1.1206257e-01  -2.1932587e-01
   4.6950000e+02   4.9893612e+00  -1.0135614e-01  -2.2097496e-01   4.9893612e+00  -1.0135614e-01  -2.2097496e-01
   4.6960000e+02   4.9888964e+00  -9.0343216e-02  -2.2196237e-01   4.9888964e+00  -9.0343216e-02  -2.2196237e-01
   4.6970000e+02   4.9884332e+00  -7.9057224e-02  -2.2228514e-01   4.9884332e+00  -7.9057224e-02  -2.2228514e-01
   4.6980000e+02   4.9879772e+00  -6.7532496e-02  -2.2194220e-01   4.9879772e+00  -6.7532496e-02  -2.2194220e-01
   4.6990000e+02   4.9875340e+00  -5.5804140e-02  -2.2093442e-01   4.9875340e+00  -5.5804140e-02  -2.2093442e-01
   4.7000000e+02   4.9871088e+00  -4.3907932e-02  -2.1926458e-01   4.9871088e+00  -4.3907932e-02  -2.1926458e-01
   4.7010000e+02   4.9867076e+00  -3.1880208e-02  -2.1693739e-01   4.9867076e+00  -3.1880208e-02  -2.1693739e-01
   4.7020000e+02   4.9863344e+00  -1.9757754e-02  -2.1395948e-01   4.9863344e+00  -1.9757754e-02  -2.1395948e-01
   4.7030000e+02   4.9859940e+00  -7.5776892e-03  -2.1033938e-01   4.9859940e+00  -7.5776892e-03  -2.1033938e-01
   4.7040000e+02   4.9856908e+00   4.6226568e-03  -2.0608754e-01   4.9856908e+00   4.6226568e-03  -2.0608754e-01
   4.7050000e+02   4.9854284e+00   1.6805866e-02  -2.0121627e-01   4.9854284e+00   1.6805866e-02  -2.0121627e-01
   4.7060000e+02   4.9852100e+00   2.8934556e-02  -1.9573976e-01   4.9852100e+00   2.8934556e-02  -1.9573976e-01
   4.7070000e+02   4.9850384e+00   4.0971512e-02  -1.8967402e-01   4.9850384e+00   4.0971512e-02  -1.8967402e-01
   4.7080000e+02   4.9849160e+00   5.2879812e-02  -1.8303687e-01   4.9849160e+00   5.2879812e-02  -1.8303687e-01
   4.7090000e+02   4.9848436e+00   6.4622956e-02  -1.7584787e-01   4.9848436e+00   6.4622956e-02  -1.7584787e-01
   4.7100000e+02   4.9848224e+00   7.6164992e-02  -1.6812831e-01   4.9848224e+00   7.6164992e-02  -1.6812831e-01
   4.7110000e+02   4.9848528e+00   8.7470648e-02  -1.5990115e-01   4.9848528e+00   8.7470648e-02  -1.5990115e-01
   4.7120000e+02   4.9849344e+00   9.8505444e-02  -1.5119094e-01   4.9849344e+00   9.8505444e-02  -1.5119094e-01
   4.7130000e+02   4.9850664e+00   1.0923582e-01  -1.4202376e-01   4.9850664e+00   1.0923582e-01  -1.4202376e-01
   4.7140000e+02   4.9852476e+00   1.1962925e-01  -1.3242716e-01   4.9852476e+00   1.1962925e-01  -1.3242716e-01
   4.7150000e+02   4.9854748e+00   1.2965433e-01  -1.2243003e-01   4.9854748e+00   1.2965433e-01  -1.2243003e-01
   4.7160000e+02   4.9857464e+00   1.3928088e-01  -1.1206257e-01   4.9857464e+00   1.3928088e-01  -1.1206257e-01
   4.7170000e+02   4.9860584e+00   1.4848004e-01  -1.0135614e-01   4.9860584e+00   1.4848004e-01  -1.0135614e-01
   4.7180000e+02   4.9864076e+00   1.5722438e-01  -9.0343216e-02   4.9864076e+00   1.5722438e-01  -9.0343216e-02
   4.7190000e+02   4.9867896e+00   1.6548790e-01  -7.9057224e-02   4.9867896e+00   1.6548790e-01  -7.9057224e-02
   4.7200000e+02   4.9871996e+00   1.7324617e-01  -6.7532496e-02   4.9871996e+00   1.7324617e-01  -6.7532496e-02
   4.7210000e+02   4.9876332e+00   1.8047632e-01  -5.5804140e-02   4.9876332e+00   1.8047632e-01  -5.5804140e-02
   4.7220000e+02   4.9880848e+00   1.8715715e-01  -4.3907932e-02   4.9880848e+00   1.8715715e-01  -4.3907932e-02
   4.7230000e+02   4.9885488e+00   1.9326912e-01  -3.1880208e-02   4.9885488e+00   1.9326912e-01  -3.1880208e-02
   4.7240000e+02   4.9890200e+00   1.9879443e-01  -1.9757754e-02   4.9890200e+00   1.9879443e-01  -1.9757754e-02
   4.7250000e+02   4.9894928e+00   2.0371700e-01  -7.5776892e-03   4.9894928e+00   2.0371700e-01  -7.5776892e-03
   4.7260000e+02   4.9899608e+00   2.0802255e-01   4.6226568e-03   4.9899608e+00   2.0802255e-01   4.6226568e-03
   4.7270000e+02   4.9904188e+00   2.1169859e-01   1.6805866e-02   4.9904188e+00   2.1169859e-01   1.6805866e-02
   4.7280000e+02   4.9908608e+00   2.1473446e-01   2.8934556e-02   4.9908608e+00   2.1473446e-01   2.8934556e-02
   4.7290000e+02   4.9912816e+00   2.1712132e-01   4.0971512e-02   4.9912816e+00   2.1712132e-01   4.0971512e-02
   4.7300000e+02   4.9916760e+00   2.1885220e-01   5.2879812e-02   4.9916760e+00   2.1885220e-01   5.2879812e-02
   4.7310000e+02   4.9920392e+00   2.1992202e-01   6.4622956e-02   4.9920392e+00   2.1992202e-01   6.4622956e-02
   4.7320000e+02   4.9923664e+00   2.2032755e-01   7.6164992e-02   4.9923664e+00   2.2032755e-01   7.6164992e-02
   4.7330000e+02   4.9926536e+00   2.2006749e-01   8.7470648e-02   4.9926536e+00   2.2006749e-01   8.7470648e-02
   4.7340000e+02   4.9928968e+00   2.1914243e-01   9.8505444e-02   4.9928968e+00   2.1914243e-01   9.8505444e-02
   4.7350000e+02   4.9930936e+00   2.1755488e-01   1.0923582e-01   4.9930936e+00   2.1755488e-01   1.0923582e-01
   4.7360000e+02   4.9932408e+00   2.1530928e-01   1.1962925e-01   4.9932408e+00   2.1530928e-01   1.1962925e-01
   4.7370000e+02   4.9933368e+00   2.1241197e-01   1.2965433e-01   4.9933368e+00   2.1241197e-01   1.2965433e-01
   4.7380000e+02   4.9933804e+00   2.0887122e-01   1.3928088e-01   4.9933804e+00   2.0887122e-01   1.3928088e-01
   4.7390000e+02   4.9933704e+00   2.0469721e-01   1.4848004e-01   4.9933704e+00   2.0469721e-01   1.4848004e-01
   4.7400000e+02   4.9933072e+00   1.9990199e-01   1.5722438e-01   4.9933072e+00   1.9990199e-01   1.5722438e-01
   4.7410000e+02   4.9931912e+00   1.9449951e-01   1.6548790e-01   4.9931912e+00   1.9449951e-01   1.6548790e-01
   4.7420000e+02   4.9930236e+00   1.8850554e-01   1.7324617e-01   4.9930236e+00   1.8850554e-01   1.7324617e-01
   4.7430000e+02   4.9928064e+00   1.8193769e-01   1.8047632e-01   4.9928064e+00   1.8193769e-01   1.8047632e-01
   4.7440000e+02   4.9925424e+00   1.7481531e-01   1.8715715e-01   4.9925424e+00   1.7481531e-01   1.8715715e-01
   4.7450000e+02   4.9922344e+00   1.6715948e-01   1.9326912e-01   4.9922344e+00   1.6715948e-01   1.9326912e-01
   4.7460000e+02   4.9918864e+00   1.5899298e-01   1.9879443e-01   4.9918864e+00   1.5899298e-01   1.9879443e-01
   4.7470000e+02   4.9915016e+00   1.5034013e-01   2.0371700e-01   4.9915016e+00   1.5034013e-01   2.0371700e-01
   4.7480000e+02   4.9910856e+00   1.4122686e-01   2.0802255e-01   4.9910856e+00   1.4122686e-01   2.0802255e-01
   4.7490000e+02   4.9906432e+00   1.3168050e-01   2.1169859e-01   4.9906432e+00   1.3168050e-01   2.1169859e-01
   4.7500000e+02   4.9901792e+00   1.2172982e-01   2.1473446e-01   4.9901792e+00   1.2172982e-01   2.1473446e-01
   4.7510000e+02   4.9896992e+00   1.1140485e-01   2.1712132e-01   4.9896992e+00   1.1140485e-01   2.1712132e-01
   4.7520000e+02   4.9892092e+00   1.0073684e-01   2.1885220e-01   4.9892092e+00   1.0073684e-01   2.1885220e-01
   4.7530000e+02   4.9887152e+00   8.9758148e-02   2.1992202e-01   4.9887152e+00   8.9758148e-02   2.1992202e-01
   4.7540000e+02   4.9882228e+00   7.8502160e-02   2.2032755e-01   4.9882228e+00   7.8502160e-02   2.2032755e-01
   4.7550000e+02   4.9877376e+00   6.7003156e-02   2.2006749e-01   4.9877376e+00   6.7003156e-02   2.2006749e-01
   4.7560000e+02   4.9872660e+00   5.5296224e-02   2.1914243e-01   4.9872660e+00   5.5296224e-02   2.1914243e-01
   4.7570000e+02   4.9868128e+00   4.3417128e-02   2.1755488e-01   4.9868128e+00   4.3417128e-02   2.1755488e-01
   4.7580000e+02   4.9863844e+00   3.1402213e-02   2.1530928e-01   4.9863844e+00   3.1402213e-02   2.1530928e-01
   4.7590000e+02   4.9859848e+00   1.9288267e-02   2.1241197e-01   4.9859848e+00   1.9288267e-02   2.1241197e-01
   4.7600000e+02   4.9856192e+00   7.1124100e-03   2.0887122e-01   4.9856192e+00   7.1124100e-03   2.0887122e-01
   4.7610000e+02   4.9852920e+00  -5.0880288e-03   2.0469721e-01   4.9852920e+00  -5.0880288e-03   2.0469721e-01
   4.7620000e+02   4.9850068e+00  -1.7275636e-02   1.9990199e-01   4.9850068e+00  -1.7275636e-02   1.9990199e-01
   4.7630000e+02   4.9847668e+00  -2.9413038e-02   1.9449951e-01   4.9847668e+00  -2.9413038e-02   1.9449951e-01
   4.7640000e+02   4.9845752e+00  -4.1463024e-02   1.8850554e-01   4.9845752e+00  -4.1463024e-02   1.8850554e-01
   4.7650000e+02   4.9844340e+00  -5.3388676e-02   1.8193769e-01   4.9844340e+00  -5.3388676e-02   1.8193769e-01
   4.7660000e+02   4.9843448e+00  -6.5153480e-02   1.7481531e-01   4.9843448e+00  -6.5153480e-02   1.7481531e-01
   4.7670000e+02   4.9843084e+00  -7.6721464e-02   1.6715948e-01   4.9843084e+00  -7.6721464e-02   1.6715948e-01
   4.7680000e+02   4.9843252e+00  -8.8057308e-02   1.5899298e-01   4.9843252e+00  -8.8057308e-02   1.5899298e-01
   4.7690000e+02   4.9843952e+00  -9.9126476e-02   1.5034013e-01   4.9843952e+00  -9.9126476e-02   1.5034013e-01
   4.7700000e+02   4.9845176e+00  -1.0989531e-01   1.4122686e-01   4.9845176e+00  -1.0989531e-01   1.4122686e-01
   4.7710000e+02   4.9846904e+00  -1.2033117e-01   1.3168050e-01   4.9846904e+00  -1.2033117e-01   1.3168050e-01
   4.7720000e+02   4.9849120e+00  -1.3040253e-01   1.2172982e-01   4.9849120e+00  -1.3040253e-01   1.2172982e-01
   4.7730000e+02   4.9851792e+00  -1.4007907e-01   1.1140485e-01   4.9851792e+00  -1.4007907e-01   1.1140485e-01
   4.7740000e+02   4.9854892e+00  -1.4933178e-01   1.0073684e-01   4.9854892e+00  -1.4933178e-01   1.0073684e-01
   4.7750000e+02   4.9858380e+00  -1.5813302e-01   8.9758148e-02   4.9858380e+00  -1.5813302e-01   8.9758148e-02
   4.7760000e+02   4.9862216e+00  -1.6645664e-01   7.8502160e-02   4.9862216e+00  -1.6645664e-01   7.8502160e-02
   4.7770000e+02   4.9866352e+00  -1.7427798e-01   6.7003156e-02   4.9866352e+00  -1.7427798e-01   6.7003156e-02
   4.7780000e+02   4.9870740e+00  -1.8157399e-01   5.5296224e-02   4.9870740e+00  -1.8157399e-01   5.5296224e-02
   4.7790000e+02   4.9875328e+00  -1.8832325e-01   4.3417128e-02   4.9875328e+00  -1.8832325e-01   4.3417128e-02
   4.7800000e+02   4.9880060e+00  -1.9450600e-01   3.1402213e-02   4.9880060e+00  -1.9450600e-01   3.1402213e-02
   4.7810000e+02   4.9884880e+00  -2.0010418e-01   1.9288267e-02   4.9884880e+00  -2.0010418e-01   1.9288267e-02
   4.7820000e+02   4.9889728e+00  -2.0510152e-01   7.1124100e-03   4.9889728e+00  -2.0510152e-01   7.1124100e-03
   4.7830000e+02   4.9894552e+00  -2.0948347e-01  -5.0880288e-03   4.9894552e+00  -2.0948347e-01  -5.0880288e-03
   4.7840000e+02   4.9899288e+00  -2.1323729e-01  -1.7275636e-02   4.9899288e+00  -2.1323729e-01  -1.7275636e-02
   4.7850000e+02   4.9903880e+00  -2.1635208e-01  -2.9413038e-02   4.9903880e+00  -2.1635208e-01  -2.9413038e-02
   4.7860000e+02   4.9908276e+00  -2.1881876e-01  -4.1463024e-02   4.9908276e+00  -2.1881876e-01  -4.1463024e-02
   4.7870000e+02   4.9912424e+00  -2.2063012e-01  -5.3388676e-02   4.9912424e+00  -2.2063012e-01  -5.3388676e-02
   4.7880000e+02   4.9916276e+00  -2.2178083e-01  -6.5153480e-02   4.9916276e+00  -2.2178083e-01  -6.5153480e-02
   4.7890000e+02   4.9919780e+00  -2.2226744e-01  -7.6721464e-02   4.9919780e+00  -2.2226744e-01  -7.6721464e-02
   4.7900000e+02   4.9922900e+00  -2.2208844e-01  -8.8057308e-02   4.9922900e+00  -2.2208844e-01  -8.8057308e-02
   4.7910000e+02   4.9925600e+00  -2.2124420e-01  -9.9126476e-02   4.9925600e+00  -2.2124420e-01  -9.9126476e-02
   4.7920000e+02   4.9927844e+00  -2.1973704e-01  -1.0989531e-01   4.9927844e+00  -2.1973704e-01  -1.0989531e-01
   4.7930000e+02   4.9929608e+00  -2.1757119e-01  -1.2033117e-01   4.9929608e+00  -2.1757119e-01  -1.2033117e-01
   4.7940000e+02   4.9930872e+00  -2.1475280e-01  -1.3040253e-01   4.9930872e+00  -2.1475280e-01  -1.3040253e-01
   4.7950000e+02   4.9931620e+00  -2.1128996e-01  -1.4007907e-01   4.9931620e+00  -2.1128996e-01  -1.4007907e-01
   4.7960000e+02   4.9931848e+00  -2.0719262e-01  -1.4933178e-01   4.9931848e+00  -2.0719262e-01  -1.4933178e-01
   4.7970000e+02   4.9931552e+00  -2.0247265e-01  -1.5813302e-01   4.9931552e+00  -2.0247265e-01  -1.5813302e-01
   4.7980000e+02   4.9930736e+00  -1.9714377e-01  -1.6645664e-01   4.9930736e+00  -1.9714377e-01  -1.6645664e-01
   4.7990000e+02   4.9929416e+00  -1.9122155e-01  -1.7427798e-01   4.9929416e+00  -1.9122155e-01  -1.7427798e-01
   4.8000000e+02   4.9927600e+00  -1.8472336e-01  -1.8157399e-01   4.9927600e+00  -1.8472336e-01  -1.8157399e-01
   4.8010000e+02   4.9925320e+00  -1.7766835e-01  -1.8832325e-01   4.9925320e+00  -1.7766835e-01  -1.8832325e-01
   4.8020000e+02   4.9922604e+00  -1.7007738e-01  -1.9450600e-01   4.9922604e+00  -1.7007738e-01  -1.9450600e-01
   4.8030000e+02   4.9919480e+00  -1.6197301e-01  -2.0010418e-01   4.9919480e+00  -1.6197301e-01  -2.0010418e-01
   4.8040000e+02   4.9915996e+00  -1.5337939e-01  -2.0510152e-01   4.9915996e+00  -1.5337939e-01  -2.0510152e-01
   4.8050000e+02   4.9912188e+00  -1.4432224e-01  -2.0948347e-01   4.9912188e+00  -1.4432224e-01  -2.0948347e-01
   4.8060000e+02   4.9908108e+00  -1.3482876e-01  -2.1323729e-01   4.9908108e+00  -1.3482876e-01  -2.1323729e-01
   4.8070000e+02   4.9903808e+00  -1.2492751e-01  -2.1635208e-01   4.9903808e+00  -1.2492751e-01  -2.1635208e-01
   4.8080000e+02   4.9899336e+00  -1.1464838e-01  -2.1881876e-01   4.9899336e+00  -1.1464838e-01  -2.1881876e-01
   4.8090000e+02   4.9894752e+00  -1.0402246e-01  -2.2063012e-01   4.9894752e+00  -1.0402246e-01  -2.2063012e-01
   4.8100000e+02   4.9890108e+00  -9.3081940e-02  -2.2178083e-01   4.9890108e+00  -9.3081940e-02  -2.2178083e-01
   4.8110000e+02   4.9885468e+00  -8.1860036e-02  -2.2226744e-01   4.9885468e+00  -8.1860036e-02  -2.2226744e-01
   4.8120000e+02   4.9880884e+00  -7.0390872e-02  -2.2208844e-01   4.9880884e+00  -7.0390872e-02  -2.2208844e-01
   4.8130000e+02   4.9876416e+00  -5.8709364e-02  -2.2124420e-01   4.9876416e+00  -5.8709364e-02  -2.2124420e-01
   4.8140000e+02   4.9872116e+00  -4.6851140e-02  -2.1973704e-01   4.9872116e+00  -4.6851140e-02  -2.1973704e-01
   4.8150000e+02   4.9868040e+00  -3.4852401e-02  -2.1757119e-01   4.9868040e+00  -3.4852401e-02  -2.1757119e-01
   4.8160000e+02   4.9864232e+00  -2.2749840e-02  -2.1475280e-01   4.9864232e+00  -2.2749840e-02  -2.1475280e-01
   4.8170000e+02   4.9860744e+00  -1.0580503e-02  -2.1128996e-01   4.9860744e+00  -1.0580503e-02  -2.1128996e-01
   4.8180000e+02   4.9857620e+00   1.6183206e-03  -2.0719262e-01   4.9857620e+00   1.6183206e-03  -2.0719262e-01
   4.8190000e+02   4.9854892e+00   1.3809223e-02  -2.0247265e-01   4.9854892e+00   1.3809223e-02  -2.0247265e-01
   4.8200000e+02   4.9852596e+00   2.5954803e-02  -1.9714377e-01   4.9852596e+00   2.5954803e-02  -1.9714377e-01
   4.8210000e+02   4.9850764e+00   3.8017791e-02  -1.9122155e-01   4.9850764e+00   3.8017791e-02  -1.9122155e-01
   4.8220000e+02   4.9849416e+00   4.9961180e-02  -1.8472336e-01   4.9849416e+00   4.9961180e-02  -1.8472336e-01
   4.8230000e+02   4.9848564e+00   6.1748356e-02  -1.7766835e-01   4.9848564e+00   6.1748356e-02  -1.7766835e-01
   4.8240000e+02   4.9848228e+00   7.3343220e-02  -1.7007738e-01   4.9848228e+00   7.3343220e-02  -1.7007738e-01
   4.8250000e+02   4.9848404e+00   8.4710320e-02  -1.6197301e-01   4.9848404e+00   8.4710320e-02  -1.6197301e-01
   4.8260000e+02   4.9849096e+00   9.5814972e-02  -1.5337939e-01   4.9849096e+00   9.5814972e-02  -1.5337939e-01
   4.8270000e+02   4.9850296e+00   1.0662338e-01  -1.4432224e-01   4.9850296e+00   1.0662338e-01  -1.4432224e-01
   4.8280000e+02   4.9851984e+00   1.1710275e-01  -1.3482876e-01   4.9851984e+00   1.1710275e-01  -1.3482876e-01
   4.8290000e+02   4.9854148e+00   1.2722138e-01  -1.2492751e-01   4.9854148e+00   1.2722138e-01  -1.2492751e-01
   4.8300000e+02   4.9856756e+00   1.3694880e-01  -1.1464838e-01   4.9856756e+00   1.3694880e-01  -1.1464838e-01
   4.8310000e+02   4.9859780e+00   1.4625582e-01  -1.0402246e-01   4.9859780e+00   1.4625582e-01  -1.0402246e-01
   4.8320000e+02   4.9863184e+00   1.5511464e-01  -9.3081940e-02   4.9863184e+00   1.5511464e-01  -9.3081940e-02
   4.8330000e+02   4.9866928e+00   1.6349890e-01  -8.1860036e-02   4.9866928e+00   1.6349890e-01  -8.1860036e-02
   4.8340000e+02   4.9870964e+00   1.7138377e-01  -7.0390872e-02   4.9870964e+00   1.7138377e-01  -7.0390872e-02
   4.8350000e+02   4.9875244e+00   1.7874602e-01  -5.8709364e-02   4.9875244e+00   1.7874602e-01  -5.8709364e-02
   4.8360000e+02   4.9879720e+00   1.8556400e-01  -4.6851140e-02   4.9879720e+00   1.8556400e-01  -4.6851140e-02
   4.8370000e+02   4.9884336e+00   1.9181778e-01  -3.4852401e-02   4.9884336e+00   1.9181778e-01  -3.4852401e-02
   4.8380000e+02   4.9889036e+00   1.9748912e-01  -2.2749840e-02   4.9889036e+00   1.9748912e-01  -2.2749840e-02
   4.8390000e+02   4.9893764e+00   2.0256152e-01  -1.0580503e-02   4.9893764e+00   2.0256152e-01  -1.0580503e-02
   4.8400000e+02   4.9898464e+00   2.0702024e-01   1.6183206e-03   4.9898464e+00   2.0702024e-01   1.6183206e-03
   4.8410000e+02   4.9903072e+00   2.1085237e-01   1.3809223e-02   4.9903072e+00   2.1085237e-01   1.3809223e-02
   4.8420000e+02   4.9907536e+00   2.1404678e-01   2.5954803e-02   4.9907536e+00   2.1404678e-01   2.5954803e-02
   4.8430000e+02   4.9911804e+00   2.1659418e-01   3.8017791e-02   4.9911804e+00   2.1659418e-01   3.8017791e-02
   4.8440000e+02   4.9915816e+00   2.1848715e-01   4.9961180e-02   4.9915816e+00   2.1848715e-01   4.9961180e-02
   4.8450000e+02   4.9919528e+00   2.1972014e-01   6.1748356e-02   4.9919528e+00   2.1972014e-01   6.1748356e-02
   4.8460000e+02   4.9922892e+00   2.2028945e-01   7.3343220e-02   4.9922892e+00   2.2028945e-01   7.3343220e-02
   4.8470000e+02   4.9925868e+00   2.2019332e-01   8.4710320e-02   4.9925868e+00   2.2019332e-01   8.4710320e-02
   4.8480000e+02   4.9928412e+00   2.1943187e-01   9.5814972e-02   4.9928412e+00   2.1943187e-01   9.5814972e-02
   4.8490000e+02   4.9930496e+00   2.1800713e-01   1.0662338e-01   4.9930496e+00   2.1800713e-01   1.0662338e-01
   4.8500000e+02   4.9932092e+00   2.1592306e-01   1.1710275e-01   4.9932092e+00   2.1592306e-01   1.1710275e-01
   4.8510000e+02   4.9933180e+00   2.1318555e-01   1.2722138e-01   4.9933180e+00   2.1318555e-01   1.2722138e-01
   4.8520000e+02   4.9933744e+00   2.0980238e-01   1.3694880e-01   4.9933744e+00   2.0980238e-01   1.3694880e-01
   4.8530000e+02   4.9933776e+00   2.0578327e-01   1.4625582e-01   4.9933776e+00   2.0578327e-01   1.4625582e-01
   4.8540000e+02   4.9933276e+00   2.0113981e-01   1.5511464e-01   4.9933276e+00   2.0113981e-01   1.5511464e-01
   4.8550000e+02   4.9932244e+00   1.9588548e-01   1.6349890e-01   4.9932244e+00   1.9588548e-01   1.6349890e-01
   4.8560000e+02   4.9930696e+00   1.9003561e-01   1.7138377e-01   4.9930696e+00   1.9003561e-01   1.7138377e-01
   4.8570000e+02   4.9928644e+00   1.8360736e-01   1.7874602e-01   4.9928644e+00   1.8360736e-01   1.7874602e-01
   4.8580000e+02   4.9926116e+00   1.7661964e-01   1.8556400e-01   4.9926116e+00   1.7661964e-01   1.8556400e-01
   4.8590000e+02   4.9923144e+00   1.6909314e-01   1.9181778e-01   4.9923144e+00   1.6909314e-01   1.9181778e-01
   4.8600000e+02   4.9919756e+00   1.6105019e-01   1.9748912e-01   4.9919756e+00   1.6105019e-01   1.9748912e-01
   4.8610000e+02   4.9915996e+00   1.5251476e-01   2.0256152e-01   4.9915996e+00   1.5251476e-01   2.0256152e-01
   4.8620000e+02   4.9911908e+00   1.4351239e-01   2.0702024e-01   4.9911908e+00   1.4351239e-01   2.0702024e-01
   4.8630000e+02   4.9907544e+00   1.3407008e-01   2.1085237e-01   4.9907544e+00   1.3407008e-01   2.1085237e-01
   4.8640000e+02   4.9902952e+00   1.2421622e-01   2.1404678e-01   4.9902952e+00   1.2421622e-01   2.1404678e-01
   4.8650000e+02   4.9898184e+00   1.1398057e-01   2.1659418e-01   4.9898184e+00   1.1398057e-01   2.1659418e-01
   4.8660000e+02   4.9893308e+00   1.0339407e-01   2.1848715e-01   4.9893308e+00   1.0339407e-01   2.1848715e-01
   4.8670000e+02   4.9888368e+00   9.2488828e-02   2.1972014e-01   4.9888368e+00   9.2488828e-02   2.1972014e-01
   4.8680000e+02   4.9883436e+00   8.1297976e-02   2.2028945e-01   4.9883436e+00   8.1297976e-02   2.2028945e-01
   4.8690000e+02   4.9878560e+00   6.9855592e-02   2.2019332e-01   4.9878560e+00   6.9855592e-02   2.2019332e-01
   4.8700000e+02   4.9873804e+00   5.8196568e-02   2.1943187e-01   4.9873804e+00   5.8196568e-02   2.1943187e-01
   4.8710000e+02   4.9869224e+00   4.6356516e-02   2.1800713e-01   4.9869224e+00   4.6356516e-02   2.1800713e-01
   4.8720000e+02   4.9864872e+00   3.4371650e-02   2.1592306e-01   4.9864872e+00   3.4371650e-02   2.1592306e-01
   4.8730000e+02   4.9860800e+00   2.2278655e-02   2.1318555e-01   4.9860800e+00   2.2278655e-02   2.1318555e-01
   4.8740000e+02   4.9857060e+00   1.0114585e-02   2.0980238e-01   4.9857060e+00   1.0114585e-02   2.0980238e-01
   4.8750000e+02   4.9853688e+00  -2.0832715e-03   2.0578327e-01   4.9853688e+00  -2.0832715e-03   2.0578327e-01
   4.8760000e+02   4.9850728e+00  -1.4277511e-02   2.0113981e-01   4.9850728e+00  -1.4277511e-02   2.0113981e-01
   4.8770000e+02   4.9848216e+00  -2.6430740e-02   1.9588548e-01   4.9848216e+00  -2.6430740e-02   1.9588548e-01
   4.8780000e+02   4.9846180e+00  -3.8505694e-02   1.9003561e-01   4.9846180e+00  -3.8505694e-02   1.9003561e-01
   4.8790000e+02   4.9844640e+00  -5.0465372e-02   1.8360736e-01   4.9844640e+00  -5.0465372e-02   1.8360736e-01
   4.8800000e+02   4.9843620e+00  -6.2273148e-02   1.7661964e-01   4.9843620e+00  -6.2273148e-02   1.7661964e-01
   4.8810000e+02   4.9843124e+00  -7.3892908e-02   1.6909314e-01   4.9843124e+00  -7.3892908e-02   1.6909314e-01
   4.8820000e+02   4.9843164e+00  -8.5289160e-02   1.6105019e-01   4.9843164e+00  -8.5289160e-02   1.6105019e-01
   4.8830000e+02   4.9843732e+00  -9.6427156e-02   1.5251476e-01   4.9843732e+00  -9.6427156e-02   1.5251476e-01
   4.8840000e+02   4.9844828e+00  -1.0727302e-01   1.4351239e-01   4.9844828e+00  -1.0727302e-01   1.4351239e-01
   4.8850000e+02   4.9846432e+00  -1.1779386e-01   1.3407008e-01   4.9846432e+00  -1.1779386e-01   1.3407008e-01
   4.8860000e+02   4.9848528e+00  -1.2795784e-01   1.2421622e-01   4.9848528e+00  -1.2795784e-01   1.2421622e-01
   4.8870000e+02   4.9851092e+00  -1.3773436e-01   1.1398057e-01   4.9851092e+00  -1.3773436e-01   1.1398057e-01
   4.8880000e+02   4.9854092e+00  -1.4709406e-01   1.0339407e-01   4.9854092e+00  -1.4709406e-01   1.0339407e-01
   4.8890000e+02   4.9857488e+00  -1.5600896e-01   9.2488828e-02   4.9857488e+00  -1.5600896e-01   9.2488828e-02
   4.8900000e+02   4.9861240e+00  -1.6445254e-01   8.1297976e-02   4.9861240e+00  -1.6445254e-01   8.1297976e-02
   4.8910000e+02   4.9865308e+00  -1.7239978e-01   6.9855592e-02   4.9865308e+00  -1.7239978e-01   6.9855592e-02
   4.8920000e+02   4.9869640e+00  -1.7982722e-01   5.8196568e-02   4.9869640e+00  -1.7982722e-01   5.8196568e-02
   4.8930000e+02   4.9874184e+00  -1.8671302e-01   4.6356516e-02   4.9874184e+00  -1.8671302e-01   4.6356516e-02
   4.8940000e+02   4.9878884e+00  -1.9303702e-01   3.4371650e-02   4.9878884e+00  -1.9303702e-01   3.4371650e-02
   4.8950000e+02   4.9883688e+00  -1.9878074e-01   2.2278655e-02   4.9883688e+00  -1.9878074e-01   2.2278655e-02
   4.8960000e+02   4.9888536e+00  -2.0392746e-01   1.0114585e-02   4.9888536e+00  -2.0392746e-01   1.0114585e-02
   4.8970000e+02   4.9893368e+00  -2.0846221e-01  -2.0832715e-03   4.9893368e+00  -2.0846221e-01  -2.0832715e-03
   4.8980000e+02   4.9898132e+00  -2.1237180e-01  -1.4277511e-02   4.9898132e+00  -2.1237180e-01  -1.4277511e-02
   4.8990000e+02   4.9902764e+00  -2.1564487e-01  -2.6430740e-02   4.9902764e+00  -2.1564487e-01  -2.6430740e-02
   4.9000000e+02   4.9907216e+00  -2.1827190e-01  -3.8505694e-02   4.9907216e+00  -2.1827190e-01  -3.8505694e-02
   4.9010000e+02   4.9911432e+00  -2.2024521e-01  -5.0465372e-02   4.9911432e+00  -2.2024521e-01  -5.0465372e-02
   4.9020000e+02   4.9915356e+00  -2.2155900e-01  -6.2273148e-02   4.9915356e+00  -2.2155900e-01  -6.2273148e-02
   4.9030000e+02   4.9918952e+00  -2.2220937e-01  -7.3892908e-02   4.9918952e+00  -2.2220937e-01  -7.3892908e-02
   4.9040000e+02   4.9922172e+00  -2.2219432e-01  -8.5289160e-02   4.9922172e+00  -2.2219432e-01  -8.5289160e-02
   4.9050000e+02   4.9924976e+00  -2.2151376e-01  -9.6427156e-02   4.9924976e+00  -2.2151376e-01  -9.6427156e-02
   4.9060000e+02   4.9927336e+00  -2.2016954e-01  -1.0727302e-01   4.9927336e+00  -2.2016954e-01  -1.0727302e-01
   4.9070000e+02   4.9929220e+00  -2.1816540e-01  -1.1779386e-01   4.9929220e+00  -2.1816540e-01  -1.1779386e-01
   4.9080000e+02   4.9930608e+00  -2.1550703e-01  -1.2795784e-01   4.9930608e+00  -2.1550703e-01  -1.2795784e-01
   4.9090000e+02   4.9931484e+00  -2.1220204e-01  -1.3773436e-01   4.9931484e+00  -2.1220204e-01  -1.3773436e-01
   4.9100000e+02   4.9931840e+00  -2.0825992e-01  -1.4709406e-01   4.9931840e+00  -2.0825992e-01  -1.4709406e-01
   4.9110000e+02   4.9931676e+00  -2.0369208e-01  -1.5600896e-01   4.9931676e+00  -2.0369208e-01  -1.5600896e-01
   4.9120000e+02   4.9930988e+00  -1.9851178e-01  -1.6445254e-01   4.9930988e+00  -1.9851178e-01  -1.6445254e-01
   4.9130000e+02   4.9929788e+00  -1.9273414e-01  -1.7239978e-01   4.9929788e+00  -1.9273414e-01  -1.7239978e-01
   4.9140000e+02   4.9928092e+00  -1.8637608e-01  -1.7982722e-01   4.9928092e+00  -1.8637608e-01  -1.7982722e-01
   4.9150000e+02   4.9925924e+00  -1.7945632e-01  -1.8671302e-01   4.9925924e+00  -1.7945632e-01  -1.8671302e-01
   4.9160000e+02   4.9923312e+00  -1.7199530e-01  -1.9303702e-01   4.9923312e+00  -1.7199530e-01  -1.9303702e-01
   4.9170000e+02   4.9920288e+00  -1.6401518e-01  -1.9878074e-01   4.9920288e+00  -1.6401518e-01  -1.9878074e-01
   4.9180000e+02   4.9916884e+00  -1.5553972e-01  -2.0392746e-01   4.9916884e+00  -1.5553972e-01  -2.0392746e-01
   4.9190000e+02   4.9913152e+00  -1.4659425e-01  -2.0846221e-01   4.9913152e+00  -1.4659425e-01  -2.0846221e-01
   4.9200000e+02   4.9909136e+00  -1.3720562e-01  -2.1237180e-01   4.9909136e+00  -1.3720562e-01  -2.1237180e-01
   4.9210000e+02   4.9904884e+00  -1.2740206e-01  -2.1564487e-01   4.9904884e+00  -1.2740206e-01  -2.1564487e-01
   4.9220000e+02   4.9900448e+00  -1.1721315e-01  -2.1827190e-01   4.9900448e+00  -1.1721315e-01  -2.1827190e-01
   4.9230000e+02   4.9895888e+00  -1.0666968e-01  -2.2024521e-01   4.9895888e+00  -1.0666968e-01  -2.2024521e-01
   4.9240000e+02   4.9891256e+00  -9.5803588e-02  -2.2155900e-01   4.9891256e+00  -9.5803588e-02  -2.2155900e-01
   4.9250000e+02   4.9886608e+00  -8.4647848e-02  -2.2220937e-01   4.9886608e+00  -8.4647848e-02  -2.2220937e-01
   4.9260000e+02   4.9882004e+00  -7.3236360e-02  -2.2219432e-01   4.9882004e+00  -7.3236360e-02  -2.2219432e-01
   4.9270000e+02   4.9877504e+00  -6.1603864e-02  -2.2151376e-01   4.9877504e+00  -6.1603864e-02  -2.2151376e-01
   4.9280000e+02   4.9873156e+00  -4.9785816e-02  -2.2016954e-01   4.9873156e+00  -4.9785816e-02  -2.2016954e-01
   4.9290000e+02   4.9869020e+00  -3.7818293e-02  -2.1816540e-01   4.9869020e+00  -3.7818293e-02  -2.1816540e-01
   4.9300000e+02   4.9865144e+00  -2.5737873e-02  -2.1550703e-01   4.9865144e+00  -2.5737873e-02  -2.1550703e-01
   4.9310000e+02   4.9861572e+00  -1.3581526e-02  -2.1220204e-01   4.9861572e+00  -1.3581526e-02  -2.1220204e-01
   4.9320000e+02   4.9858352e+00  -1.3864940e-03  -2.0825992e-01   4.9858352e+00  -1.3864940e-03  -2.0825992e-01
   4.9330000e+02   4.9855524e+00   1.0809834e-02  -2.0369208e-01   4.9855524e+00   1.0809834e-02  -2.0369208e-01
   4.9340000e+02   4.9853120e+00   2.2970041e-02  -1.9851178e-01   4.9853120e+00   2.2970041e-02  -1.9851178e-01
   4.9350000e+02   4.9851172e+00   3.5056816e-02  -1.9273414e-01   4.9851172e+00   3.5056816e-02  -1.9273414e-01
   4.9360000e+02   4.9849700e+00   4.7033076e-02  -1.8637608e-01   4.9849700e+00   4.7033076e-02  -1.8637608e-01
   4.9370000e+02   4.9848728e+00   5.8862092e-02  -1.7945632e-01   4.9848728e+00   5.8862092e-02  -1.7945632e-01
   4.9380000e+02   4.9848264e+00   7.0507632e-02  -1.7199530e-01   4.9848264e+00   7.0507632e-02  -1.7199530e-01
   4.9390000e+02   4.9848312e+00   8.1934072e-02  -1.6401518e-01   4.9848312e+00   8.1934072e-02  -1.6401518e-01
   4.9400000e+02   4.9848880e+00   9.3106532e-02  -1.5553972e-01   4.9848880e+00   9.3106532e-02  -1.5553972e-01
   4.9410000e+02   4.9849952e+00   1.0399098e-01  -1.4659425e-01   4.9849952e+00   1.0399098e-01  -1.4659425e-01
   4.9420000e+02   4.9851524e+00   1.1455436e-01  -1.3720562e-01   4.9851524e+00   1.1455436e-01  -1.3720562e-01
   4.9430000e+02   4.9853572e+00   1.2476471e-01  -1.2740206e-01   4.9853572e+00   1.2476471e-01  -1.2740206e-01
   4.9440000e+02   4.9856072e+00   1.3459123e-01  -1.1721315e-01   4.9856072e+00   1.3459123e-01  -1.1721315e-01
   4.9450000e+02   4.9859000e+00   1.4400442e-01  -1.0666968e-01   4.9859000e+00   1.4400442e-01  -1.0666968e-01
   4.9460000e+02   4.9862312e+00   1.5297611e-01  -9.5803588e-02   4.9862312e+00   1.5297611e-01  -9.5803588e-02
   4.9470000e+02   4.9865976e+00   1.6147960e-01  -8.4647848e-02   4.9865976e+00   1.6147960e-01  -8.4647848e-02
   4.9480000e+02   4.9869944e+00   1.6948967e-01  -7.3236360e-02   4.9869944e+00   1.6948967e-01  -7.3236360e-02
   4.9490000e+02   4.9874172e+00   1.7698269e-01  -6.1603864e-02   4.9874172e+00   1.7698269e-01  -6.1603864e-02
   4.9500000e+02   4.9878604e+00   1.8393662e-01  -4.9785816e-02   4.9878604e+00   1.8393662e-01  -4.9785816e-02
   4.9510000e+02   4.9883192e+00   1.9033110e-01  -3.7818293e-02   4.9883192e+00   1.9033110e-01  -3.7818293e-02
   4.9520000e+02   4.9887876e+00   1.9614747e-01  -2.5737873e-02   4.9887876e+00   1.9614747e-01  -2.5737873e-02
   4.9530000e+02   4.9892600e+00   2.0136880e-01  -1.3581526e-02   4.9892600e+00   2.0136880e-01  -1.3581526e-02
   4.9540000e+02   4.9897312e+00   2.0597992e-01  -1.3864940e-03   4.9897312e+00   2.0597992e-01  -1.3864940e-03
   4.9550000e+02   4.9901948e+00   2.0996746e-01   1.0809834e-02   4.9901948e+00   2.0996746e-01   1.0809834e-02
   4.9560000e+02   4.9906456e+00   2.1331984e-01   2.2970041e-02   4.9906456e+00   2.1331984e-01   2.2970041e-02
   4.9570000e+02   4.9910776e+00   2.1602734e-01   3.5056816e-02   4.9910776e+00   2.1602734e-01   3.5056816e-02
   4.9580000e+02   4.9914856e+00   2.1808206e-01   4.7033076e-02   4.9914856e+00   2.1808206e-01   4.7033076e-02
   4.9590000e+02   4.9918648e+00   2.1947800e-01   5.8862092e-02   4.9918648e+00   2.1947800e-01   5.8862092e-02
   4.9600000e+02   4.9922100e+00   2.2021098e-01   7.0507632e-02   4.9922100e+00   2.2021098e-01   7.0507632e-02
   4.9610000e+02   4.9925172e+00   2.2027879e-01   8.1934072e-02   4.9925172e+00   2.2027879e-01   8.1934072e-02
   4.9620000e+02   4.9927828e+00   2.1968106e-01   9.3106532e-02   4.9927828e+00   2.1968106e-01   9.3106532e-02
   4.9630000e+02   4.9930028e+00   2.1841937e-01   1.0399098e-01   4.9930028e+00   2.1841937e-01   1.0399098e-01
   4.9640000e+02   4.9931748e+00   2.1649720e-01   1.1455436e-01   4.9931748e+00   2.1649720e-01   1.1455436e-01
   4.9650000e+02   4.9932960e+00   2.1391996e-01   1.2476471e-01   4.9932960e+00   2.1391996e-01   1.2476471e-01
   4.9660000e+02   4.9933656e+00   2.1069497e-01   1.3459123e-01   4.9933656e+00   2.1069497e-01   1.3459123e-01
   4.9670000e+02   4.9933820e+00   2.0683146e-01   1.4400442e-01   4.9933820e+00   2.0683146e-01   1.4400442e-01
   4.9680000e+02   4.9933448e+00   2.0234057e-01   1.5297611e-01   4.9933448e+00   2.0234057e-01   1.5297611e-01
   4.9690000e+02   4.9932548e+00   1.9723532e-01   1.6147960e-01   4.9932548e+00   1.9723532e-01   1.6147960e-01
   4.9700000e+02   4.9931124e+00   1.9153059e-01   1.6948967e-01   4.9931124e+00   1.9153059e-01   1.6948967e-01
   4.9710000e+02   4.9929196e+00   1.8524308e-01   1.7698269e-01   4.9929196e+00   1.8524308e-01   1.7698269e-01
   4.9720000e+02   4.9926784e+00   1.7839129e-01   1.8393662e-01   4.9926784e+00   1.7839129e-01   1.8393662e-01
   4.9730000e+02   4.9923916e+00   1.7099546e-01   1.9033110e-01   4.9923916e+00   1.7099546e-01   1.9033110e-01
   4.9740000e+02   4.9920624e+00   1.6307752e-01   1.9614747e-01   4.9920624e+00   1.6307752e-01   1.9614747e-01
   4.9750000e+02   4.9916952e+00   1.5466107e-01   2.0136880e-01   4.9916952e+00   1.5466107e-01   2.0136880e-01
   4.9760000e+02   4.9912944e+00   1.4577124e-01   2.0597992e-01   4.9912944e+00   1.4577124e-01   2.0597992e-01
   4.9770000e+02   4.9908640e+00   1.3643468e-01   2.0996746e-01   4.9908640e+00   1.3643468e-01   2.0996746e-01
   4.9780000e+02   4.9904100e+00   1.2667946e-01   2.1331984e-01   4.9904100e+00   1.2667946e-01   2.1331984e-01
   4.9790000e+02   4.9899372e+00   1.1653500e-01   2.1602734e-01   4.9899372e+00   1.1653500e-01   2.1602734e-01
   4.9800000e+02   4.9894516e+00   1.0603196e-01   2.1808206e-01   4.9894516e+00   1.0603196e-01   2.1808206e-01
   4.9810000e+02   4.9889588e+00   9.5202176e-02   2.1947800e-01   4.9889588e+00   9.5202176e-02   2.1947800e-01
   4.9820000e+02   4.9884648e+00   8.4078532e-02   2.2021098e-01   4.9884648e+00   8.4078532e-02   2.2021098e-01
   4.9830000e+02   4.9879752e+00   7.2694884e-02   2.2027879e-01   4.9879752e+00   7.2694884e-02   2.2027879e-01
   4.9840000e+02   4.9874964e+00   6.1085928e-02   2.1968106e-01   4.9874964e+00   6.1085928e-02   2.1968106e-01
   4.9850000e+02   4.9870332e+00   4.9287120e-02   2.1841937e-01   4.9870332e+00   4.9287120e-02   2.1841937e-01
   4.9860000e+02   4.9865920e+00   3.7334524e-02   2.1649720e-01   4.9865920e+00   3.7334524e-02   2.1649720e-01
   4.9870000e+02   4.9861776e+00   2.5264730e-02   2.1391996e-01   4.9861776e+00   2.5264730e-02   2.1391996e-01
   4.9880000e+02   4.9857948e+00   1.3114709e-02   2.1069497e-01   4.9857948e+00   1.3114709e-02   2.1069497e-01
   4.9890000e+02   4.9854480e+00   9.2170336e-04   2.0683146e-01   4.9854480e+00   9.2170336e-04   2.0683146e-01
   4.9900000e+02   4.9851420e+00  -1.1276901e-02   2.0234057e-01   4.9851420e+00  -1.1276901e-02   2.0234057e-01
   4.9910000e+02   4.9848792e+00  -2.3443694e-02   1.9723532e-01   4.9848792e+00  -2.3443694e-02   1.9723532e-01
   4.9920000e+02   4.9846636e+00  -3.5541372e-02   1.9153059e-01   4.9846636e+00  -3.5541372e-02   1.9153059e-01
   4.9930000e+02   4.9844972e+00  -4.7532852e-02   1.8524308e-01   4.9844972e+00  -4.7532852e-02   1.8524308e-01
   4.9940000e+02   4.9843820e+00  -5.9381412e-02   1.7839129e-01   4.9843820e+00  -5.9381412e-02   1.7839129e-01
   4.9950000e+02   4.9843196e+00  -7.1050792e-02   1.7099546e-01   4.9843196e+00  -7.1050792e-02   1.7099546e-01
   4.9960000e+02   4.9843104e+00  -8.2505340e-02   1.6307752e-01   4.9843104e+00  -8.2505340e-02   1.6307752e-01
   4.9970000e+02   4.9843544e+00  -9.3710116e-02   1.5466107e-01   4.9843544e+00  -9.3710116e-02   1.5466107e-01
   4.9980000e+02   4.9844508e+00  -1.0463102e-01   1.4577124e-01   4.9844508e+00  -1.0463102e-01   1.4577124e-01
   4.9990000e+02   4.9845992e+00  -1.1523489e-01   1.3643468e-01   4.9845992e+00  -1.1523489e-01   1.3643468e-01
   5.0000000e+02   4.9847992e+00  -1.2548880e-01   1.2667946e-01   4.9847992e+00  -1.2548880e-01   1.2667946e-01
   5.0010000e+02   4.9850512e+00  -1.3535981e-01   1.1653500e-01   4.9850512e+00  -1.3535981e-01   1.1653500e-01
