   4.5000000e+02   3.8913147e+00  -3.8953824e-02  -3.6858742e-02   3.8913147e+00  -3.8953824e-02  -3.6858742e-02
   4.5010000e+02   3.8915890e+00  -3.9378958e-02  -3.6485068e-02   3.8915890e+00  -3.9378958e-02  -3.6485068e-02
   4.5020000e+02   3.8918613e+00  -3.9802768e-02  -3.6154990e-02   3.8918613e+00  -3.9802768e-02  -3.6154990e-02
   4.5030000e+02   3.8921300e+00  -4.0221976e-02  -3.5871023e-02   3.8921300e+00  -4.0221976e-02  -3.5871023e-02
   4.5040000e+02   3.8923938e+00  -4.0633840e-02  -3.5635154e-02   3.8923938e+00  -4.0633840e-02  -3.5635154e-02
   4.5050000e+02   3.8926516e+00  -4.1036144e-02  -3.5448867e-02   3.8926516e+00  -4.1036144e-02  -3.5448867e-02
   4.5060000e+02   3.8929021e+00  -4.1427160e-02  -3.5313146e-02   3.8929021e+00  -4.1427160e-02  -3.5313146e-02
   4.5070000e+02   3.8931443e+00  -4.1805584e-02  -3.5228500e-02   3.8931443e+00  -4.1805584e-02  -3.5228500e-02
   4.5080000e+02   3.8933772e+00  -4.2170476e-02  -3.5194971e-02   3.8933772e+00  -4.2170476e-02  -3.5194971e-02
   4.5090000e+02   3.8935998e+00  -4.2521280e-02  -3.5212133e-02   3.8935998e+00  -4.2521280e-02  -3.5212133e-02
   4.5100000e+02   3.8938112e+00  -4.2857828e-02  -3.5279060e-02   3.8938112e+00  -4.2857828e-02  -3.5279060e-02
   4.5110000e+02   3.8940107e+00  -4.3180348e-02  -3.5394284e-02   3.8940107e+00  -4.3180348e-02  -3.5394284e-02
   4.5120000e+02   3.8941974e+00  -4.3489404e-02  -3.5555779e-02   3.8941974e+00  -4.3489404e-02  -3.5555779e-02
   4.5130000e+02   3.8943705e+00  -4.3785868e-02  -3.5760970e-02   3.8943705e+00  -4.3785868e-02  -3.5760970e-02
   4.5140000e+02   3.8945292e+00  -4.4070936e-02  -3.6006763e-02   3.8945292e+00  -4.4070936e-02  -3.6006763e-02
   4.5150000e+02   3.8946730e+00  -4.4346132e-02  -3.6289617e-02   3.8946730e+00  -4.4346132e-02  -3.6289617e-02
   4.5160000e+02   3.8948010e+00  -4.4613244e-02  -3.6605624e-02   3.8948010e+00  -4.4613244e-02  -3.6605624e-02
   4.5170000e+02   3.8949127e+00  -4.4874172e-02  -3.6950603e-02   3.8949127e+00  -4.4874172e-02  -3.6950603e-02
   4.5180000e+02   3.8950076e+00  -4.5130652e-02  -3.7320174e-02   3.8950076e+00  -4.5130652e-02  -3.7320174e-02
   4.5190000e+02   3.8950851e+00  -4.5384052e-02  -3.7709826e-02   3.8950851e+00  -4.5384052e-02  -3.7709826e-02
   4.5200000e+02   3.8951449e+00  -4.5635248e-02  -3.8114990e-02   3.8951449e+00  -4.5635248e-02  -3.8114990e-02
   4.5210000e+02   3.8951866e+00  -4.5884692e-02  -3.8531122e-02   3.8951866e+00  -4.5884692e-02  -3.8531122e-02
   4.5220000e+02   3.8952101e+00  -4.6132584e-02  -3.8953824e-02   3.8952101e+00  -4.6132584e-02  -3.8953824e-02
   4.5230000e+02   3.8952152e+00  -4.6379068e-02  -3.9378958e-02   3.8952152e+00  -4.6379068e-02  -3.9378958e-02
   4.5240000e+02   3.8952017e+00  -4.6624328e-02  -3.9802768e-02   3.8952017e+00  -4.6624328e-02  -3.9802768e-02
   4.5250000e+02   3.8951698e+00  -4.6868544e-02  -4.0221976e-02   3.8951698e+00  -4.6868544e-02  -4.0221976e-02
   4.5260000e+02   3.8951197e+00  -4.7111728e-02  -4.0633840e-02   3.8951197e+00  -4.7111728e-02  -4.0633840e-02
   4.5270000e+02   3.8950515e+00  -4.7353520e-02  -4.1036144e-02   3.8950515e+00  -4.7353520e-02  -4.1036144e-02
   4.5280000e+02   3.8949656e+00  -4.7593056e-02  -4.1427160e-02   3.8949656e+00  -4.7593056e-02  -4.1427160e-02
   4.5290000e+02   3.8948624e+00  -4.7828920e-02  -4.1805584e-02   3.8948624e+00  -4.7828920e-02  -4.1805584e-02
   4.5300000e+02   3.8947424e+00  -4.8059192e-02  -4.2170476e-02   3.8947424e+00  -4.8059192e-02  -4.2170476e-02
   4.5310000e+02   3.8946063e+00  -4.8281632e-02  -4.2521280e-02   3.8946063e+00  -4.8281632e-02  -4.2521280e-02
   4.5320000e+02   3.8944547e+00  -4.8493912e-02  -4.2857828e-02   3.8944547e+00  -4.8493912e-02  -4.2857828e-02
   4.5330000e+02   3.8942885e+00  -4.8693872e-02  -4.3180348e-02   3.8942885e+00  -4.8693872e-02  -4.3180348e-02
   4.5340000e+02   3.8941088e+00  -4.8879656e-02  -4.3489404e-02   3.8941088e+00  -4.8879656e-02  -4.3489404e-02
   4.5350000e+02   3.8939165e+00  -4.9049692e-02  -4.3785868e-02   3.8939165e+00  -4.9049692e-02  -4.3785868e-02
   4.5360000e+02   3.8937129e+00  -4.9202580e-02  -4.4070936e-02   3.8937129e+00  -4.9202580e-02  -4.4070936e-02
   4.5370000e+02   3.8934992e+00  -4.9336880e-02  -4.4346132e-02   3.8934992e+00  -4.9336880e-02  -4.4346132e-02
   4.5380000e+02   3.8932766e+00  -4.9450908e-02  -4.4613244e-02   3.8932766e+00  -4.9450908e-02  -4.4613244e-02
   4.5390000e+02   3.8930463e+00  -4.9542628e-02  -4.4874172e-02   3.8930463e+00  -4.9542628e-02  -4.4874172e-02
   4.5400000e+02   3.8928094e+00  -4.9609668e-02  -4.5130652e-02   3.8928094e+00  -4.9609668e-02  -4.5130652e-02
   4.5410000e+02   3.8925673e+00  -4.9649484e-02  -4.5384052e-02   3.8925673e+00  -4.9649484e-02  -4.5384052e-02
   4.5420000e+02   3.8923211e+00  -4.9659556e-02  -4.5635248e-02   3.8923211e+00  -4.9659556e-02  -4.5635248e-02
   4.5430000e+02   3.8920719e+00  -4.9637612e-02  -4.5884692e-02   3.8920719e+00  -4.9637612e-02  -4.5884692e-02
   4.5440000e+02   3.8918208e+00  -4.9581728e-02  -4.6132584e-02   3.8918208e+00  -4.9581728e-02  -4.6132584e-02
   4.5450000e+02   3.8915689e+00  -4.9490436e-02  -4.6379068e-02   3.8915689e+00  -4.9490436e-02  -4.6379068e-02
   4.5460000e+02   3.8913174e+00  -4.9362704e-02  -4.6624328e-02   3.8913174e+00  -4.9362704e-02  -4.6624328e-02
   4.5470000e+02   3.8910672e+00  -4.9197920e-02  -4.6868544e-02   3.8910672e+00  -4.9197920e-02  -4.6868544e-02
   4.5480000e+02   3.8908193e+00  -4.8995844e-02  -4.7111728e-02   3.8908193e+00  -4.8995844e-02  -4.7111728e-02
   4.5490000e+02   3.8905747e+00  -4.8756532e-02  -4.7353520e-02   3.8905747e+00  -4.8756532e-02  -4.7353520e-02
   4.5500000e+02   3.8903343e+00  -4.8480316e-02  -4.7593056e-02   3.8903343e+00  -4.8480316e-02  -4.7593056e-02
   4.5510000e+02   3.8900989e+00  -4.8167744e-02  -4.7828920e-02   3.8900989e+00  -4.8167744e-02  -4.7828920e-02
   4.5520000e+02   3.8898694e+00  -4.7819596e-02  -4.8059192e-02   3.8898694e+00  -4.7819596e-02  -4.8059192e-02
   4.5530000e+02   3.8896463e+00  -4.7436880e-02  -4.8281632e-02   3.8896463e+00  -4.7436880e-02  -4.8281632e-02
   4.5540000e+02   3.8894305e+00  -4.7020880e-02  -4.8493912e-02   3.8894305e+00  -4.7020880e-02  -4.8493912e-02
   4.5550000e+02   3.8892224e+00  -4.6573216e-02  -4.8693872e-02   3.8892224e+00  -4.6573216e-02  -4.8693872e-02
   4.5560000e+02   3.8890227e+00  -4.6095928e-02  -4.8879656e-02   3.8890227e+00  -4.6095928e-02  -4.8879656e-02
   4.5570000e+02   3.8888318e+00  -4.5591508e-02  -4.9049692e-02   3.8888318e+00  -4.5591508e-02  -4.9049692e-02
   4.5580000e+02   3.8886502e+00  -4.5062888e-02  -4.9202580e-02   3.8886502e+00  -4.5062888e-02  -4.9202580e-02
   4.5590000e+02   3.8884784e+00  -4.4513404e-02  -4.9336880e-02   3.8884784e+00  -4.4513404e-02  -4.9336880e-02
   4.5600000e+02   3.8883168e+00  -4.3946700e-02  -4.9450908e-02   3.8883168e+00  -4.3946700e-02  -4.9450908e-02
   4.5610000e+02   3.8881658e+00  -4.3366640e-02  -4.9542628e-02   3.8881658e+00  -4.3366640e-02  -4.9542628e-02
   4.5620000e+02   3.8880260e+00  -4.2777232e-02  -4.9609668e-02   3.8880260e+00  -4.2777232e-02  -4.9609668e-02
   4.5630000e+02   3.8878978e+00  -4.2182580e-02  -4.9649484e-02   3.8878978e+00  -4.2182580e-02  -4.9649484e-02
   4.5640000e+02   3.8877814e+00  -4.1586816e-02  -4.9659556e-02   3.8877814e+00  -4.1586816e-02  -4.9659556e-02
   4.5650000e+02   3.8876775e+00  -4.0994100e-02  -4.9637612e-02   3.8876775e+00  -4.0994100e-02  -4.9637612e-02
   4.5660000e+02   3.8875864e+00  -4.0408604e-02  -4.9581728e-02   3.8875864e+00  -4.0408604e-02  -4.9581728e-02
   4.5670000e+02   3.8875087e+00  -3.9834540e-02  -4.9490436e-02   3.8875087e+00  -3.9834540e-02  -4.9490436e-02
   4.5680000e+02   3.8874447e+00  -3.9276179e-02  -4.9362704e-02   3.8874447e+00  -3.9276179e-02  -4.9362704e-02
   4.5690000e+02   3.8873950e+00  -3.8737839e-02  -4.9197920e-02   3.8873950e+00  -3.8737839e-02  -4.9197920e-02
   4.5700000e+02   3.8873600e+00  -3.8223876e-02  -4.8995844e-02   3.8873600e+00  -3.8223876e-02  -4.8995844e-02
   4.5710000e+02   3.8873403e+00  -3.7738626e-02  -4.8756532e-02   3.8873403e+00  -3.7738626e-02  -4.8756532e-02
   4.5720000e+02   3.8873361e+00  -3.7286306e-02  -4.8480316e-02   3.8873361e+00  -3.7286306e-02  -4.8480316e-02
   4.5730000e+02   3.8873478e+00  -3.6870876e-02  -4.8167744e-02   3.8873478e+00  -3.6870876e-02  -4.8167744e-02
   4.5740000e+02   3.8873756e+00  -3.6495894e-02  -4.7819596e-02   3.8873756e+00  -3.6495894e-02  -4.7819596e-02
   4.5750000e+02   3.8874198e+00  -3.6164422e-02  -4.7436880e-02   3.8874198e+00  -3.6164422e-02  -4.7436880e-02
   4.5760000e+02   3.8874805e+00  -3.5878992e-02  -4.7020880e-02   3.8874805e+00  -3.5878992e-02  -4.7020880e-02
   4.5770000e+02   3.8875580e+00  -3.5641606e-02  -4.6573216e-02   3.8875580e+00  -3.5641606e-02  -4.6573216e-02
   4.5780000e+02   3.8876523e+00  -3.5453764e-02  -4.6095928e-02   3.8876523e+00  -3.5453764e-02  -4.6095928e-02
   4.5790000e+02   3.8877634e+00  -3.5316466e-02  -4.5591508e-02   3.8877634e+00  -3.5316466e-02  -4.5591508e-02
   4.5800000e+02   3.8878911e+00  -3.5230233e-02  -4.5062888e-02   3.8878911e+00  -3.5230233e-02  -4.5062888e-02
   4.5810000e+02   3.8880352e+00  -3.5195123e-02  -4.4513404e-02   3.8880352e+00  -3.5195123e-02  -4.4513404e-02
   4.5820000e+02   3.8881952e+00  -3.5210726e-02  -4.3946700e-02   3.8881952e+00  -3.5210726e-02  -4.3946700e-02
   4.5830000e+02   3.8883707e+00  -3.5276129e-02  -4.3366640e-02   3.8883707e+00  -3.5276129e-02  -4.3366640e-02
   4.5840000e+02   3.8885607e+00  -3.5389884e-02  -4.2777232e-02   3.8885607e+00  -3.5389884e-02  -4.2777232e-02
   4.5850000e+02   3.8887646e+00  -3.5549981e-02  -4.2182580e-02   3.8887646e+00  -3.5549981e-02  -4.2182580e-02
   4.5860000e+02   3.8889813e+00  -3.5753861e-02  -4.1586816e-02   3.8889813e+00  -3.5753861e-02  -4.1586816e-02
   4.5870000e+02   3.8892098e+00  -3.5998447e-02  -4.0994100e-02   3.8892098e+00  -3.5998447e-02  -4.0994100e-02
   4.5880000e+02   3.8894490e+00  -3.6280209e-02  -4.0408604e-02   3.8894490e+00  -3.6280209e-02  -4.0408604e-02
   4.5890000e+02   3.8896974e+00  -3.6595250e-02  -3.9834540e-02   3.8896974e+00  -3.6595250e-02  -3.9834540e-02
   4.5900000e+02   3.8899539e+00  -3.6939395e-02  -3.9276179e-02   3.8899539e+00  -3.6939395e-02  -3.9276179e-02
   4.5910000e+02   3.8902170e+00  -3.7308270e-02  -3.8737839e-02   3.8902170e+00  -3.7308270e-02  -3.8737839e-02
   4.5920000e+02   3.8904852e+00  -3.7697368e-02  -3.8223876e-02   3.8904852e+00  -3.7697368e-02  -3.8223876e-02
   4.5930000e+02   3.8907572e+00  -3.8102117e-02  -3.7738626e-02   3.8907572e+00  -3.8102117e-02  -3.7738626e-02
   4.5940000e+02   3.8910314e+00  -3.8517976e-02  -3.7286306e-02   3.8910314e+00  -3.8517976e-02  -3.7286306e-02
   4.5950000e+02   3.8913065e+00  -3.8940536e-02  -3.6870876e-02   3.8913065e+00  -3.8940536e-02  -3.6870876e-02
   4.5960000e+02   3.8915808e+00  -3.9365651e-02  -3.6495894e-02   3.8915808e+00  -3.9365651e-02  -3.6495894e-02
   4.5970000e+02   3.8918531e+00  -3.9789552e-02  -3.6164422e-02   3.8918531e+00  -3.9789552e-02  -3.6164422e-02
   4.5980000e+02   3.8921220e+00  -4.0208944e-02  -3.5878992e-02   3.8921220e+00  -4.0208944e-02  -3.5878992e-02
   4.5990000e+02   3.8923860e+00  -4.0621068e-02  -3.5641606e-02   3.8923860e+00  -4.0621068e-02  -3.5641606e-02
   4.6000000e+02   3.8926440e+00  -4.1023696e-02  -3.5453764e-02   3.8926440e+00  -4.1023696e-02  -3.5453764e-02
   4.6010000e+02   3.8928948e+00  -4.1415084e-02  -3.5316466e-02   3.8928948e+00  -4.1415084e-02  -3.5316466e-02
   4.6020000e+02   3.8931372e+00  -4.1793912e-02  -3.5230233e-02   3.8931372e+00  -4.1793912e-02  -3.5230233e-02
   4.6030000e+02   3.8933704e+00  -4.2159232e-02  -3.5195123e-02   3.8933704e+00  -4.2159232e-02  -3.5195123e-02
   4.6040000e+02   3.8935933e+00  -4.2510476e-02  -3.5210726e-02   3.8935933e+00  -4.2510476e-02  -3.5210726e-02
   4.6050000e+02   3.8938051e+00  -4.2847464e-02  -3.5276129e-02   3.8938051e+00  -4.2847464e-02  -3.5276129e-02
   4.6060000e+02   3.8940049e+00  -4.3170412e-02  -3.5389884e-02   3.8940049e+00  -4.3170412e-02  -3.5389884e-02
   4.6070000e+02   3.8941920e+00  -4.3479876e-02  -3.5549981e-02   3.8941920e+00  -4.3479876e-02  -3.5549981e-02
   4.6080000e+02   3.8943656e+00  -4.3776716e-02  -3.5753861e-02   3.8943656e+00  -4.3776716e-02  -3.5753861e-02
   4.6090000e+02   3.8945248e+00  -4.4062116e-02  -3.5998447e-02   3.8945248e+00  -4.4062116e-02  -3.5998447e-02
   4.6100000e+02   3.8946690e+00  -4.4337592e-02  -3.6280209e-02   3.8946690e+00  -4.4337592e-02  -3.6280209e-02
   4.6110000e+02   3.8947975e+00  -4.4604932e-02  -3.6595250e-02   3.8947975e+00  -4.4604932e-02  -3.6595250e-02
   4.6120000e+02   3.8949097e+00  -4.4866028e-02  -3.6939395e-02   3.8949097e+00  -4.4866028e-02  -3.6939395e-02
   4.6130000e+02   3.8950051e+00  -4.5122628e-02  -3.7308270e-02   3.8950051e+00  -4.5122628e-02  -3.7308270e-02
   4.6140000e+02   3.8950832e+00  -4.5376108e-02  -3.7697368e-02   3.8950832e+00  -4.5376108e-02  -3.7697368e-02
   4.6150000e+02   3.8951435e+00  -4.5627368e-02  -3.8102117e-02   3.8951435e+00  -4.5627368e-02  -3.8102117e-02
   4.6160000e+02   3.8951858e+00  -4.5876872e-02  -3.8517976e-02   3.8951858e+00  -4.5876872e-02  -3.8517976e-02
   4.6170000e+02   3.8952098e+00  -4.6124816e-02  -3.8940536e-02   3.8952098e+00  -4.6124816e-02  -3.8940536e-02
   4.6180000e+02   3.8952154e+00  -4.6371348e-02  -3.9365651e-02   3.8952154e+00  -4.6371348e-02  -3.9365651e-02
   4.6190000e+02   3.8952026e+00  -4.6616648e-02  -3.9789552e-02   3.8952026e+00  -4.6616648e-02  -3.9789552e-02
   4.6200000e+02   3.8951712e+00  -4.6860904e-02  -4.0208944e-02   3.8951712e+00  -4.6860904e-02  -4.0208944e-02
   4.6210000e+02   3.8951216e+00  -4.7104128e-02  -4.0621068e-02   3.8951216e+00  -4.7104128e-02  -4.0621068e-02
   4.6220000e+02   3.8950540e+00  -4.7345980e-02  -4.1023696e-02   3.8950540e+00  -4.7345980e-02  -4.1023696e-02
   4.6230000e+02   3.8949687e+00  -4.7585616e-02  -4.1415084e-02   3.8949687e+00  -4.7585616e-02  -4.1415084e-02
   4.6240000e+02   3.8948660e+00  -4.7821628e-02  -4.1793912e-02   3.8948660e+00  -4.7821628e-02  -4.1793912e-02
   4.6250000e+02   3.8947466e+00  -4.8052112e-02  -4.2159232e-02   3.8947466e+00  -4.8052112e-02  -4.2159232e-02
   4.6260000e+02   3.8946109e+00  -4.8274836e-02  -4.2510476e-02   3.8946109e+00  -4.8274836e-02  -4.2510476e-02
   4.6270000e+02   3.8944597e+00  -4.8487472e-02  -4.2847464e-02   3.8944597e+00  -4.8487472e-02  -4.2847464e-02
   4.6280000e+02   3.8942940e+00  -4.8687852e-02  -4.3170412e-02   3.8942940e+00  -4.8687852e-02  -4.3170412e-02
   4.6290000e+02   3.8941146e+00  -4.8874104e-02  -4.3479876e-02   3.8941146e+00  -4.8874104e-02  -4.3479876e-02
   4.6300000e+02   3.8939228e+00  -4.9044656e-02  -4.3776716e-02   3.8939228e+00  -4.9044656e-02  -4.3776716e-02
   4.6310000e+02   3.8937195e+00  -4.9198100e-02  -4.4062116e-02   3.8937195e+00  -4.9198100e-02  -4.4062116e-02
   4.6320000e+02   3.8935061e+00  -4.9333004e-02  -4.4337592e-02   3.8935061e+00  -4.9333004e-02  -4.4337592e-02
   4.6330000e+02   3.8932837e+00  -4.9447696e-02  -4.4604932e-02   3.8932837e+00  -4.9447696e-02  -4.4604932e-02
   4.6340000e+02   3.8930536e+00  -4.9540148e-02  -4.4866028e-02   3.8930536e+00  -4.9540148e-02  -4.4866028e-02
   4.6350000e+02   3.8928170e+00  -4.9607992e-02  -4.5122628e-02   3.8928170e+00  -4.9607992e-02  -4.5122628e-02
   4.6360000e+02   3.8925750e+00  -4.9648692e-02  -4.5376108e-02   3.8925750e+00  -4.9648692e-02  -4.5376108e-02
   4.6370000e+02   3.8923289e+00  -4.9659724e-02  -4.5627368e-02   3.8923289e+00  -4.9659724e-02  -4.5627368e-02
   4.6380000e+02   3.8920797e+00  -4.9638800e-02  -4.5876872e-02   3.8920797e+00  -4.9638800e-02  -4.5876872e-02
   4.6390000e+02   3.8918287e+00  -4.9583996e-02  -4.6124816e-02   3.8918287e+00  -4.9583996e-02  -4.6124816e-02
   4.6400000e+02   3.8915768e+00  -4.9493816e-02  -4.6371348e-02   3.8915768e+00  -4.9493816e-02  -4.6371348e-02
   4.6410000e+02   3.8913252e+00  -4.9367224e-02  -4.6616648e-02   3.8913252e+00  -4.9367224e-02  -4.6616648e-02
   4.6420000e+02   3.8910750e+00  -4.9203592e-02  -4.6860904e-02   3.8910750e+00  -4.9203592e-02  -4.6860904e-02
   4.6430000e+02   3.8908270e+00  -4.9002668e-02  -4.7104128e-02   3.8908270e+00  -4.9002668e-02  -4.7104128e-02
   4.6440000e+02   3.8905823e+00  -4.8764508e-02  -4.7345980e-02   3.8905823e+00  -4.8764508e-02  -4.7345980e-02
   4.6450000e+02   3.8903418e+00  -4.8489420e-02  -4.7585616e-02   3.8903418e+00  -4.8489420e-02  -4.7585616e-02
   4.6460000e+02   3.8901062e+00  -4.8177960e-02  -4.7821628e-02   3.8901062e+00  -4.8177960e-02  -4.7821628e-02
   4.6470000e+02   3.8898765e+00  -4.7830900e-02  -4.8052112e-02   3.8898765e+00  -4.7830900e-02  -4.8052112e-02
   4.6480000e+02   3.8896532e+00  -4.7449232e-02  -4.8274836e-02   3.8896532e+00  -4.7449232e-02  -4.8274836e-02
   4.6490000e+02   3.8894372e+00  -4.7034236e-02  -4.8487472e-02   3.8894372e+00  -4.7034236e-02  -4.8487472e-02
   4.6500000e+02   3.8892288e+00  -4.6587520e-02  -4.8687852e-02   3.8892288e+00  -4.6587520e-02  -4.8687852e-02
   4.6510000e+02   3.8890288e+00  -4.6111112e-02  -4.8874104e-02   3.8890288e+00  -4.6111112e-02  -4.8874104e-02
   4.6520000e+02   3.8888376e+00  -4.5607480e-02  -4.9044656e-02   3.8888376e+00  -4.5607480e-02  -4.9044656e-02
   4.6530000e+02   3.8886557e+00  -4.5079556e-02  -4.9198100e-02   3.8886557e+00  -4.5079556e-02  -4.9198100e-02
   4.6540000e+02   3.8884836e+00  -4.4530664e-02  -4.9333004e-02   3.8884836e+00  -4.4530664e-02  -4.9333004e-02
   4.6550000e+02   3.8883217e+00  -4.3964428e-02  -4.9447696e-02   3.8883217e+00  -4.3964428e-02  -4.9447696e-02
   4.6560000e+02   3.8881704e+00  -4.3384720e-02  -4.9540148e-02   3.8881704e+00  -4.3384720e-02  -4.9540148e-02
   4.6570000e+02   3.8880303e+00  -4.2795536e-02  -4.9607992e-02   3.8880303e+00  -4.2795536e-02  -4.9607992e-02
   4.6580000e+02   3.8879016e+00  -4.2200980e-02  -4.9648692e-02   3.8879016e+00  -4.2200980e-02  -4.9648692e-02
   4.6590000e+02   3.8877850e+00  -4.1605184e-02  -4.9659724e-02   3.8877850e+00  -4.1605184e-02  -4.9659724e-02
   4.6600000e+02   3.8876806e+00  -4.1012304e-02  -4.9638800e-02   3.8876806e+00  -4.1012304e-02  -4.9638800e-02
   4.6610000e+02   3.8875892e+00  -4.0426520e-02  -4.9583996e-02   3.8875892e+00  -4.0426520e-02  -4.9583996e-02
   4.6620000e+02   3.8875110e+00  -3.9852035e-02  -4.9493816e-02   3.8875110e+00  -3.9852035e-02  -4.9493816e-02
   4.6630000e+02   3.8874466e+00  -3.9293120e-02  -4.9367224e-02   3.8874466e+00  -3.9293120e-02  -4.9367224e-02
   4.6640000e+02   3.8873964e+00  -3.8754093e-02  -4.9203592e-02   3.8873964e+00  -3.8754093e-02  -4.9203592e-02
   4.6650000e+02   3.8873610e+00  -3.8239308e-02  -4.9002668e-02   3.8873610e+00  -3.8239308e-02  -4.9002668e-02
   4.6660000e+02   3.8873408e+00  -3.7753102e-02  -4.8764508e-02   3.8873408e+00  -3.7753102e-02  -4.8764508e-02
   4.6670000e+02   3.8873361e+00  -3.7299700e-02  -4.8489420e-02   3.8873361e+00  -3.7299700e-02  -4.8489420e-02
   4.6680000e+02   3.8873472e+00  -3.6883071e-02  -4.8177960e-02   3.8873472e+00  -3.6883071e-02  -4.8177960e-02
   4.6690000e+02   3.8873746e+00  -3.6506787e-02  -4.7830900e-02   3.8873746e+00  -3.6506787e-02  -4.7830900e-02
   4.6700000e+02   3.8874182e+00  -3.6173928e-02  -4.7449232e-02   3.8874182e+00  -3.6173928e-02  -4.7449232e-02
   4.6710000e+02   3.8874785e+00  -3.5887038e-02  -4.7034236e-02   3.8874785e+00  -3.5887038e-02  -4.7034236e-02
   4.6720000e+02   3.8875554e+00  -3.5648141e-02  -4.6587520e-02   3.8875554e+00  -3.5648141e-02  -4.6587520e-02
   4.6730000e+02   3.8876492e+00  -3.5458747e-02  -4.6111112e-02   3.8876492e+00  -3.5458747e-02  -4.6111112e-02
   4.6740000e+02   3.8877598e+00  -3.5319874e-02  -4.5607480e-02   3.8877598e+00  -3.5319874e-02  -4.5607480e-02
   4.6750000e+02   3.8878870e+00  -3.5232058e-02  -4.5079556e-02   3.8878870e+00  -3.5232058e-02  -4.5079556e-02
   4.6760000e+02   3.8880306e+00  -3.5195370e-02  -4.4530664e-02   3.8880306e+00  -3.5195370e-02  -4.4530664e-02
   4.6770000e+02   3.8881901e+00  -3.5209414e-02  -4.3964428e-02   3.8881901e+00  -3.5209414e-02  -4.3964428e-02
   4.6780000e+02   3.8883651e+00  -3.5273294e-02  -4.3384720e-02   3.8883651e+00  -3.5273294e-02  -4.3384720e-02
   4.6790000e+02   3.8885547e+00  -3.5385580e-02  -4.2795536e-02   3.8885547e+00  -3.5385580e-02  -4.2795536e-02
   4.6800000e+02   3.8887582e+00  -3.5544279e-02  -4.2200980e-02   3.8887582e+00  -3.5544279e-02  -4.2200980e-02
   4.6810000e+02   3.8889745e+00  -3.5746848e-02  -4.1605184e-02   3.8889745e+00  -3.5746848e-02  -4.1605184e-02
   4.6820000e+02   3.8892027e+00  -3.5990225e-02  -4.1012304e-02   3.8892027e+00  -3.5990225e-02  -4.1012304e-02
   4.6830000e+02   3.8894415e+00  -3.6270892e-02  -4.0426520e-02   3.8894415e+00  -3.6270892e-02  -4.0426520e-02
   4.6840000e+02   3.8896897e+00  -3.6584964e-02  -3.9852035e-02   3.8896897e+00  -3.6584964e-02  -3.9852035e-02
   4.6850000e+02   3.8899459e+00  -3.6928273e-02  -3.9293120e-02   3.8899459e+00  -3.6928273e-02  -3.9293120e-02
   4.6860000e+02   3.8902088e+00  -3.7296449e-02  -3.8754093e-02   3.8902088e+00  -3.7296449e-02  -3.8754093e-02
   4.6870000e+02   3.8904769e+00  -3.7684988e-02  -3.8239308e-02   3.8904769e+00  -3.7684988e-02  -3.8239308e-02
   4.6880000e+02   3.8907488e+00  -3.8089321e-02  -3.7753102e-02   3.8907488e+00  -3.8089321e-02  -3.7753102e-02
   4.6890000e+02   3.8910230e+00  -3.8504901e-02  -3.7299700e-02   3.8910230e+00  -3.8504901e-02  -3.7299700e-02
   4.6900000e+02   3.8912980e+00  -3.8927316e-02  -3.6883071e-02   3.8912980e+00  -3.8927316e-02  -3.6883071e-02
   4.6910000e+02   3.8915724e+00  -3.9352410e-02  -3.6506787e-02   3.8915724e+00  -3.9352410e-02  -3.6506787e-02
   4.6920000e+02   3.8918448e+00  -3.9776399e-02  -3.6173928e-02   3.8918448e+00  -3.9776399e-02  -3.6173928e-02
   4.6930000e+02   3.8921138e+00  -4.0195976e-02  -3.5887038e-02   3.8921138e+00  -4.0195976e-02  -3.5887038e-02
   4.6940000e+02   3.8923780e+00  -4.0608360e-02  -3.5648141e-02   3.8923780e+00  -4.0608360e-02  -3.5648141e-02
   4.6950000e+02   3.8926362e+00  -4.1011308e-02  -3.5458747e-02   3.8926362e+00  -4.1011308e-02  -3.5458747e-02
   4.6960000e+02   3.8928872e+00  -4.1403064e-02  -3.5319874e-02   3.8928872e+00  -4.1403064e-02  -3.5319874e-02
   4.6970000e+02   3.8931299e+00  -4.1782296e-02  -3.5232058e-02   3.8931299e+00  -4.1782296e-02  -3.5232058e-02
   4.6980000e+02   3.8933634e+00  -4.2148044e-02  -3.5195370e-02   3.8933634e+00  -4.2148044e-02  -3.5195370e-02
   4.6990000e+02   3.8935866e+00  -4.2499728e-02  -3.5209414e-02   3.8935866e+00  -4.2499728e-02  -3.5209414e-02
   4.7000000e+02   3.8937988e+00  -4.2837156e-02  -3.5273294e-02   3.8937988e+00  -4.2837156e-02  -3.5273294e-02
   4.7010000e+02   3.8939990e+00  -4.3160532e-02  -3.5385580e-02   3.8939990e+00  -4.3160532e-02  -3.5385580e-02
   4.7020000e+02   3.8941865e+00  -4.3470400e-02  -3.5544279e-02   3.8941865e+00  -4.3470400e-02  -3.5544279e-02
   4.7030000e+02   3.8943604e+00  -4.3767616e-02  -3.5746848e-02   3.8943604e+00  -4.3767616e-02  -3.5746848e-02
   4.7040000e+02   3.8945201e+00  -4.4053352e-02  -3.5990225e-02   3.8945201e+00  -4.4053352e-02  -3.5990225e-02
   4.7050000e+02   3.8946648e+00  -4.4329112e-02  -3.6270892e-02   3.8946648e+00  -4.4329112e-02  -3.6270892e-02
   4.7060000e+02   3.8947938e+00  -4.4596680e-02  -3.6584964e-02   3.8947938e+00  -4.4596680e-02  -3.6584964e-02
   4.7070000e+02   3.8949066e+00  -4.4857940e-02  -3.6928273e-02   3.8949066e+00  -4.4857940e-02  -3.6928273e-02
   4.7080000e+02   3.8950024e+00  -4.5114660e-02  -3.7296449e-02   3.8950024e+00  -4.5114660e-02  -3.7296449e-02
   4.7090000e+02   3.8950810e+00  -4.5368228e-02  -3.7684988e-02   3.8950810e+00  -4.5368228e-02  -3.7684988e-02
   4.7100000e+02   3.8951420e+00  -4.5619552e-02  -3.8089321e-02   3.8951420e+00  -4.5619552e-02  -3.8089321e-02
   4.7110000e+02   3.8951848e+00  -4.5869108e-02  -3.8504901e-02   3.8951848e+00  -4.5869108e-02  -3.8504901e-02
   4.7120000e+02   3.8952094e+00  -4.6117104e-02  -3.8927316e-02   3.8952094e+00  -4.6117104e-02  -3.8927316e-02
   4.7130000e+02   3.8952156e+00  -4.6363680e-02  -3.9352410e-02   3.8952156e+00  -4.6363680e-02  -3.9352410e-02
   4.7140000e+02   3.8952033e+00  -4.6609020e-02  -3.9776399e-02   3.8952033e+00  -4.6609020e-02  -3.9776399e-02
   4.7150000e+02   3.8951725e+00  -4.6853312e-02  -4.0195976e-02   3.8951725e+00  -4.6853312e-02  -4.0195976e-02
   4.7160000e+02   3.8951235e+00  -4.7096576e-02  -4.0608360e-02   3.8951235e+00  -4.7096576e-02  -4.0608360e-02
   4.7170000e+02   3.8950564e+00  -4.7338484e-02  -4.1011308e-02   3.8950564e+00  -4.7338484e-02  -4.1011308e-02
   4.7180000e+02   3.8949716e+00  -4.7578212e-02  -4.1403064e-02   3.8949716e+00  -4.7578212e-02  -4.1403064e-02
   4.7190000e+02   3.8948695e+00  -4.7814364e-02  -4.1782296e-02   3.8948695e+00  -4.7814364e-02  -4.1782296e-02
   4.7200000e+02   3.8947505e+00  -4.8045060e-02  -4.2148044e-02   3.8947505e+00  -4.8045060e-02  -4.2148044e-02
   4.7210000e+02   3.8946153e+00  -4.8268064e-02  -4.2499728e-02   3.8946153e+00  -4.8268064e-02  -4.2499728e-02
   4.7220000e+02   3.8944646e+00  -4.8481048e-02  -4.2837156e-02   3.8944646e+00  -4.8481048e-02  -4.2837156e-02
   4.7230000e+02   3.8942993e+00  -4.8681844e-02  -4.3160532e-02   3.8942993e+00  -4.8681844e-02  -4.3160532e-02
   4.7240000e+02   3.8941204e+00  -4.8868560e-02  -4.3470400e-02   3.8941204e+00  -4.8868560e-02  -4.3470400e-02
   4.7250000e+02   3.8939289e+00  -4.9039620e-02  -4.3767616e-02   3.8939289e+00  -4.9039620e-02  -4.3767616e-02
   4.7260000e+02   3.8937260e+00  -4.9193620e-02  -4.4053352e-02   3.8937260e+00  -4.9193620e-02  -4.4053352e-02
   4.7270000e+02   3.8935128e+00  -4.9329124e-02  -4.4329112e-02   3.8935128e+00  -4.9329124e-02  -4.4329112e-02
   4.7280000e+02   3.8932907e+00  -4.9444472e-02  -4.4596680e-02   3.8932907e+00  -4.9444472e-02  -4.4596680e-02
   4.7290000e+02   3.8930608e+00  -4.9537644e-02  -4.4857940e-02   3.8930608e+00  -4.9537644e-02  -4.4857940e-02
   4.7300000e+02   3.8928244e+00  -4.9606292e-02  -4.5114660e-02   3.8928244e+00  -4.9606292e-02  -4.5114660e-02
   4.7310000e+02   3.8925826e+00  -4.9647868e-02  -4.5368228e-02   3.8925826e+00  -4.9647868e-02  -4.5368228e-02
   4.7320000e+02   3.8923365e+00  -4.9659856e-02  -4.5619552e-02   3.8923365e+00  -4.9659856e-02  -4.5619552e-02
   4.7330000e+02   3.8920874e+00  -4.9639952e-02  -4.5869108e-02   3.8920874e+00  -4.9639952e-02  -4.5869108e-02
   4.7340000e+02   3.8918364e+00  -4.9586220e-02  -4.6117104e-02   3.8918364e+00  -4.9586220e-02  -4.6117104e-02
   4.7350000e+02   3.8915846e+00  -4.9497152e-02  -4.6363680e-02   3.8915846e+00  -4.9497152e-02  -4.6363680e-02
   4.7360000e+02   3.8913330e+00  -4.9371696e-02  -4.6609020e-02   3.8913330e+00  -4.9371696e-02  -4.6609020e-02
   4.7370000e+02   3.8910827e+00  -4.9209216e-02  -4.6853312e-02   3.8910827e+00  -4.9209216e-02  -4.6853312e-02
   4.7380000e+02   3.8908346e+00  -4.9009448e-02  -4.7096576e-02   3.8908346e+00  -4.9009448e-02  -4.7096576e-02
   4.7390000e+02   3.8905898e+00  -4.8772428e-02  -4.7338484e-02   3.8905898e+00  -4.8772428e-02  -4.7338484e-02
   4.7400000e+02   3.8903491e+00  -4.8498476e-02  -4.7578212e-02   3.8903491e+00  -4.8498476e-02  -4.7578212e-02
   4.7410000e+02   3.8901134e+00  -4.8188128e-02  -4.7814364e-02   3.8901134e+00  -4.8188128e-02  -4.7814364e-02
   4.7420000e+02   3.8898835e+00  -4.7842152e-02  -4.8045060e-02   3.8898835e+00  -4.7842152e-02  -4.8045060e-02
   4.7430000e+02   3.8896600e+00  -4.7461536e-02  -4.8268064e-02   3.8896600e+00  -4.7461536e-02  -4.8268064e-02
   4.7440000e+02   3.8894437e+00  -4.7047544e-02  -4.8481048e-02   3.8894437e+00  -4.7047544e-02  -4.8481048e-02
   4.7450000e+02   3.8892351e+00  -4.6601780e-02  -4.8681844e-02   3.8892351e+00  -4.6601780e-02  -4.8681844e-02
   4.7460000e+02   3.8890348e+00  -4.6126252e-02  -4.8868560e-02   3.8890348e+00  -4.6126252e-02  -4.8868560e-02
   4.7470000e+02   3.8888434e+00  -4.5623420e-02  -4.9039620e-02   3.8888434e+00  -4.5623420e-02  -4.9039620e-02
   4.7480000e+02   3.8886612e+00  -4.5096196e-02  -4.9193620e-02   3.8886612e+00  -4.5096196e-02  -4.9193620e-02
   4.7490000e+02   3.8884888e+00  -4.4547892e-02  -4.9329124e-02   3.8884888e+00  -4.4547892e-02  -4.9329124e-02
   4.7500000e+02   3.8883265e+00  -4.3982136e-02  -4.9444472e-02   3.8883265e+00  -4.3982136e-02  -4.9444472e-02
   4.7510000e+02   3.8881750e+00  -4.3402780e-02  -4.9537644e-02   3.8881750e+00  -4.3402780e-02  -4.9537644e-02
   4.7520000e+02   3.8880344e+00  -4.2813828e-02  -4.9606292e-02   3.8880344e+00  -4.2813828e-02  -4.9606292e-02
   4.7530000e+02   3.8879054e+00  -4.2219372e-02  -4.9647868e-02   3.8879054e+00  -4.2219372e-02  -4.9647868e-02
   4.7540000e+02   3.8877884e+00  -4.1623552e-02  -4.9659856e-02   3.8877884e+00  -4.1623552e-02  -4.9659856e-02
   4.7550000e+02   3.8876836e+00  -4.1030520e-02  -4.9639952e-02   3.8876836e+00  -4.1030520e-02  -4.9639952e-02
   4.7560000e+02   3.8875918e+00  -4.0444448e-02  -4.9586220e-02   3.8875918e+00  -4.0444448e-02  -4.9586220e-02
   4.7570000e+02   3.8875132e+00  -3.9869549e-02  -4.9497152e-02   3.8875132e+00  -3.9869549e-02  -4.9497152e-02
   4.7580000e+02   3.8874483e+00  -3.9310087e-02  -4.9371696e-02   3.8874483e+00  -3.9310087e-02  -4.9371696e-02
   4.7590000e+02   3.8873977e+00  -3.8770378e-02  -4.9209216e-02   3.8873977e+00  -3.8770378e-02  -4.9209216e-02
   4.7600000e+02   3.8873618e+00  -3.8254777e-02  -4.9009448e-02   3.8873618e+00  -3.8254777e-02  -4.9009448e-02
   4.7610000e+02   3.8873412e+00  -3.7767623e-02  -4.8772428e-02   3.8873412e+00  -3.7767623e-02  -4.8772428e-02
   4.7620000e+02   3.8873360e+00  -3.7313146e-02  -4.8498476e-02   3.8873360e+00  -3.7313146e-02  -4.8498476e-02
   4.7630000e+02   3.8873466e+00  -3.6895323e-02  -4.8188128e-02   3.8873466e+00  -3.6895323e-02  -4.8188128e-02
   4.7640000e+02   3.8873734e+00  -3.6517742e-02  -4.7842152e-02   3.8873734e+00  -3.6517742e-02  -4.7842152e-02
   4.7650000e+02   3.8874166e+00  -3.6183499e-02  -4.7461536e-02   3.8874166e+00  -3.6183499e-02  -4.7461536e-02
   4.7660000e+02   3.8874764e+00  -3.5895156e-02  -4.7047544e-02   3.8874764e+00  -3.5895156e-02  -4.7047544e-02
   4.7670000e+02   3.8875528e+00  -3.5654749e-02  -4.6601780e-02   3.8875528e+00  -3.5654749e-02  -4.6601780e-02
   4.7680000e+02   3.8876460e+00  -3.5463807e-02  -4.6126252e-02   3.8876460e+00  -3.5463807e-02  -4.6126252e-02
   4.7690000e+02   3.8877560e+00  -3.5323362e-02  -4.5623420e-02   3.8877560e+00  -3.5323362e-02  -4.5623420e-02
   4.7700000e+02   3.8878828e+00  -3.5233964e-02  -4.5096196e-02   3.8878828e+00  -3.5233964e-02  -4.5096196e-02
   4.7710000e+02   3.8880259e+00  -3.5195699e-02  -4.4547892e-02   3.8880259e+00  -3.5195699e-02  -4.4547892e-02
   4.7720000e+02   3.8881850e+00  -3.5208185e-02  -4.3982136e-02   3.8881850e+00  -3.5208185e-02  -4.3982136e-02
   4.7730000e+02   3.8883594e+00  -3.5270544e-02  -4.3402780e-02   3.8883594e+00  -3.5270544e-02  -4.3402780e-02
   4.7740000e+02   3.8885486e+00  -3.5381361e-02  -4.2813828e-02   3.8885486e+00  -3.5381361e-02  -4.2813828e-02
   4.7750000e+02   3.8887517e+00  -3.5538660e-02  -4.2219372e-02   3.8887517e+00  -3.5538660e-02  -4.2219372e-02
   4.7760000e+02   3.8889676e+00  -3.5739916e-02  -4.1623552e-02   3.8889676e+00  -3.5739916e-02  -4.1623552e-02
   4.7770000e+02   3.8891954e+00  -3.5982082e-02  -4.1030520e-02   3.8891954e+00  -3.5982082e-02  -4.1030520e-02
   4.7780000e+02   3.8894340e+00  -3.6261653e-02  -4.0444448e-02   3.8894340e+00  -3.6261653e-02  -4.0444448e-02
   4.7790000e+02   3.8896818e+00  -3.6574753e-02  -3.9869549e-02   3.8896818e+00  -3.6574753e-02  -3.9869549e-02
   4.7800000e+02   3.8899379e+00  -3.6917222e-02  -3.9310087e-02   3.8899379e+00  -3.6917222e-02  -3.9310087e-02
   4.7810000e+02   3.8902006e+00  -3.7284696e-02  -3.8770378e-02   3.8902006e+00  -3.7284696e-02  -3.8770378e-02
   4.7820000e+02   3.8904686e+00  -3.7672673e-02  -3.8254777e-02   3.8904686e+00  -3.7672673e-02  -3.8254777e-02
   4.7830000e+02   3.8907404e+00  -3.8076585e-02  -3.7767623e-02   3.8907404e+00  -3.8076585e-02  -3.7767623e-02
   4.7840000e+02   3.8910145e+00  -3.8491884e-02  -3.7313146e-02   3.8910145e+00  -3.8491884e-02  -3.7313146e-02
   4.7850000e+02   3.8912895e+00  -3.8914151e-02  -3.6895323e-02   3.8912895e+00  -3.8914151e-02  -3.6895323e-02
   4.7860000e+02   3.8915640e+00  -3.9339220e-02  -3.6517742e-02   3.8915640e+00  -3.9339220e-02  -3.6517742e-02
   4.7870000e+02   3.8918364e+00  -3.9763295e-02  -3.6183499e-02   3.8918364e+00  -3.9763295e-02  -3.6183499e-02
   4.7880000e+02   3.8921055e+00  -4.0183052e-02  -3.5895156e-02   3.8921055e+00  -4.0183052e-02  -3.5895156e-02
   4.7890000e+02   3.8923699e+00  -4.0595692e-02  -3.5654749e-02   3.8923699e+00  -4.0595692e-02  -3.5654749e-02
   4.7900000e+02   3.8926283e+00  -4.0998960e-02  -3.5463807e-02   3.8926283e+00  -4.0998960e-02  -3.5463807e-02
   4.7910000e+02   3.8928795e+00  -4.1391084e-02  -3.5323362e-02   3.8928795e+00  -4.1391084e-02  -3.5323362e-02
   4.7920000e+02   3.8931225e+00  -4.1770720e-02  -3.5233964e-02   3.8931225e+00  -4.1770720e-02  -3.5233964e-02
   4.7930000e+02   3.8933563e+00  -4.2136896e-02  -3.5195699e-02   3.8933563e+00  -4.2136896e-02  -3.5195699e-02
   4.7940000e+02   3.8935798e+00  -4.2489016e-02  -3.5208185e-02   3.8935798e+00  -4.2489016e-02  -3.5208185e-02
   4.7950000e+02   3.8937924e+00  -4.2826888e-02  -3.5270544e-02   3.8937924e+00  -4.2826888e-02  -3.5270544e-02
   4.7960000e+02   3.8939930e+00  -4.3150692e-02  -3.5381361e-02   3.8939930e+00  -4.3150692e-02  -3.5381361e-02
   4.7970000e+02   3.8941808e+00  -4.3460968e-02  -3.5538660e-02   3.8941808e+00  -4.3460968e-02  -3.5538660e-02
   4.7980000e+02   3.8943552e+00  -4.3758560e-02  -3.5739916e-02   3.8943552e+00  -4.3758560e-02  -3.5739916e-02
   4.7990000e+02   3.8945154e+00  -4.4044632e-02  -3.5982082e-02   3.8945154e+00  -4.4044632e-02  -3.5982082e-02
   4.8000000e+02   3.8946605e+00  -4.4320676e-02  -3.6261653e-02   3.8946605e+00  -4.4320676e-02  -3.6261653e-02
   4.8010000e+02   3.8947900e+00  -4.4588468e-02  -3.6574753e-02   3.8947900e+00  -4.4588468e-02  -3.6574753e-02
   4.8020000e+02   3.8949033e+00  -4.4849900e-02  -3.6917222e-02   3.8949033e+00  -4.4849900e-02  -3.6917222e-02
   4.8030000e+02   3.8949997e+00  -4.5106736e-02  -3.7284696e-02   3.8949997e+00  -4.5106736e-02  -3.7284696e-02
   4.8040000e+02   3.8950788e+00  -4.5360388e-02  -3.7672673e-02   3.8950788e+00  -4.5360388e-02  -3.7672673e-02
   4.8050000e+02   3.8951403e+00  -4.5611776e-02  -3.8076585e-02   3.8951403e+00  -4.5611776e-02  -3.8076585e-02
   4.8060000e+02   3.8951837e+00  -4.5861384e-02  -3.8491884e-02   3.8951837e+00  -4.5861384e-02  -3.8491884e-02
   4.8070000e+02   3.8952089e+00  -4.6109428e-02  -3.8914151e-02   3.8952089e+00  -4.6109428e-02  -3.8914151e-02
   4.8080000e+02   3.8952156e+00  -4.6356052e-02  -3.9339220e-02   3.8952156e+00  -4.6356052e-02  -3.9339220e-02
   4.8090000e+02   3.8952039e+00  -4.6601428e-02  -3.9763295e-02   3.8952039e+00  -4.6601428e-02  -3.9763295e-02
   4.8100000e+02   3.8951737e+00  -4.6845752e-02  -4.0183052e-02   3.8951737e+00  -4.6845752e-02  -4.0183052e-02
   4.8110000e+02   3.8951252e+00  -4.7089056e-02  -4.0595692e-02   3.8951252e+00  -4.7089056e-02  -4.0595692e-02
   4.8120000e+02   3.8950587e+00  -4.7331020e-02  -4.0998960e-02   3.8950587e+00  -4.7331020e-02  -4.0998960e-02
   4.8130000e+02   3.8949744e+00  -4.7570832e-02  -4.1391084e-02   3.8949744e+00  -4.7570832e-02  -4.1391084e-02
   4.8140000e+02   3.8948728e+00  -4.7807128e-02  -4.1770720e-02   3.8948728e+00  -4.7807128e-02  -4.1770720e-02
   4.8150000e+02   3.8947544e+00  -4.8038024e-02  -4.2136896e-02   3.8947544e+00  -4.8038024e-02  -4.2136896e-02
   4.8160000e+02   3.8946197e+00  -4.8261300e-02  -4.2489016e-02   3.8946197e+00  -4.8261300e-02  -4.2489016e-02
   4.8170000e+02   3.8944694e+00  -4.8474632e-02  -4.2826888e-02   3.8944694e+00  -4.8474632e-02  -4.2826888e-02
   4.8180000e+02   3.8943046e+00  -4.8675836e-02  -4.3150692e-02   3.8943046e+00  -4.8675836e-02  -4.3150692e-02
   4.8190000e+02   3.8941260e+00  -4.8863016e-02  -4.3460968e-02   3.8941260e+00  -4.8863016e-02  -4.3460968e-02
   4.8200000e+02   3.8939349e+00  -4.9034584e-02  -4.3758560e-02   3.8939349e+00  -4.9034584e-02  -4.3758560e-02
   4.8210000e+02   3.8937324e+00  -4.9189132e-02  -4.4044632e-02   3.8937324e+00  -4.9189132e-02  -4.4044632e-02
   4.8220000e+02   3.8935195e+00  -4.9325232e-02  -4.4320676e-02   3.8935195e+00  -4.9325232e-02  -4.4320676e-02
   4.8230000e+02   3.8932976e+00  -4.9441232e-02  -4.4588468e-02   3.8932976e+00  -4.9441232e-02  -4.4588468e-02
   4.8240000e+02   3.8930680e+00  -4.9535124e-02  -4.4849900e-02   3.8930680e+00  -4.9535124e-02  -4.4849900e-02
   4.8250000e+02   3.8928317e+00  -4.9604568e-02  -4.5106736e-02   3.8928317e+00  -4.9604568e-02  -4.5106736e-02
   4.8260000e+02   3.8925900e+00  -4.9647020e-02  -4.5360388e-02   3.8925900e+00  -4.9647020e-02  -4.5360388e-02
   4.8270000e+02   3.8923441e+00  -4.9659956e-02  -4.5611776e-02   3.8923441e+00  -4.9659956e-02  -4.5611776e-02
   4.8280000e+02   3.8920951e+00  -4.9641072e-02  -4.5861384e-02   3.8920951e+00  -4.9641072e-02  -4.5861384e-02
   4.8290000e+02   3.8918442e+00  -4.9588408e-02  -4.6109428e-02   3.8918442e+00  -4.9588408e-02  -4.6109428e-02
   4.8300000e+02   3.8915923e+00  -4.9500448e-02  -4.6356052e-02   3.8915923e+00  -4.9500448e-02  -4.6356052e-02
   4.8310000e+02   3.8913407e+00  -4.9376128e-02  -4.6601428e-02   3.8913407e+00  -4.9376128e-02  -4.6601428e-02
   4.8320000e+02   3.8910903e+00  -4.9214796e-02  -4.6845752e-02   3.8910903e+00  -4.9214796e-02  -4.6845752e-02
   4.8330000e+02   3.8908422e+00  -4.9016176e-02  -4.7089056e-02   3.8908422e+00  -4.9016176e-02  -4.7089056e-02
   4.8340000e+02   3.8905973e+00  -4.8780308e-02  -4.7331020e-02   3.8905973e+00  -4.8780308e-02  -4.7331020e-02
   4.8350000e+02   3.8903564e+00  -4.8507488e-02  -4.7570832e-02   3.8903564e+00  -4.8507488e-02  -4.7570832e-02
   4.8360000e+02   3.8901206e+00  -4.8198252e-02  -4.7807128e-02   3.8901206e+00  -4.8198252e-02  -4.7807128e-02
   4.8370000e+02   3.8898904e+00  -4.7853364e-02  -4.8038024e-02   3.8898904e+00  -4.7853364e-02  -4.8038024e-02
   4.8380000e+02   3.8896668e+00  -4.7473796e-02  -4.8261300e-02   3.8896668e+00  -4.7473796e-02  -4.8261300e-02
   4.8390000e+02   3.8894502e+00  -4.7060812e-02  -4.8474632e-02   3.8894502e+00  -4.7060812e-02  -4.8474632e-02
   4.8400000e+02   3.8892414e+00  -4.6616000e-02  -4.8675836e-02   3.8892414e+00  -4.6616000e-02  -4.8675836e-02
   4.8410000e+02   3.8890408e+00  -4.6141356e-02  -4.8863016e-02   3.8890408e+00  -4.6141356e-02  -4.8863016e-02
   4.8420000e+02   3.8888491e+00  -4.5639324e-02  -4.9034584e-02   3.8888491e+00  -4.5639324e-02  -4.9034584e-02
   4.8430000e+02   3.8886666e+00  -4.5112808e-02  -4.9189132e-02   3.8886666e+00  -4.5112808e-02  -4.9189132e-02
   4.8440000e+02   3.8884939e+00  -4.4565100e-02  -4.9325232e-02   3.8884939e+00  -4.4565100e-02  -4.9325232e-02
   4.8450000e+02   3.8883313e+00  -4.3999828e-02  -4.9441232e-02   3.8883313e+00  -4.3999828e-02  -4.9441232e-02
   4.8460000e+02   3.8881794e+00  -4.3420828e-02  -4.9535124e-02   3.8881794e+00  -4.3420828e-02  -4.9535124e-02
   4.8470000e+02   3.8880386e+00  -4.2832112e-02  -4.9604568e-02   3.8880386e+00  -4.2832112e-02  -4.9604568e-02
   4.8480000e+02   3.8879092e+00  -4.2237764e-02  -4.9647020e-02   3.8879092e+00  -4.2237764e-02  -4.9647020e-02
   4.8490000e+02   3.8877917e+00  -4.1641920e-02  -4.9659956e-02   3.8877917e+00  -4.1641920e-02  -4.9659956e-02
   4.8500000e+02   3.8876866e+00  -4.1048740e-02  -4.9641072e-02   3.8876866e+00  -4.1048740e-02  -4.9641072e-02
   4.8510000e+02   3.8875944e+00  -4.0462388e-02  -4.9588408e-02   3.8875944e+00  -4.0462388e-02  -4.9588408e-02
   4.8520000e+02   3.8875153e+00  -3.9887082e-02  -4.9500448e-02   3.8875153e+00  -3.9887082e-02  -4.9500448e-02
   4.8530000e+02   3.8874500e+00  -3.9327078e-02  -4.9376128e-02   3.8874500e+00  -3.9327078e-02  -4.9376128e-02
   4.8540000e+02   3.8873990e+00  -3.8786694e-02  -4.9214796e-02   3.8873990e+00  -3.8786694e-02  -4.9214796e-02
   4.8550000e+02   3.8873627e+00  -3.8270282e-02  -4.9016176e-02   3.8873627e+00  -3.8270282e-02  -4.9016176e-02
   4.8560000e+02   3.8873415e+00  -3.7782185e-02  -4.8780308e-02   3.8873415e+00  -3.7782185e-02  -4.8780308e-02
   4.8570000e+02   3.8873358e+00  -3.7326636e-02  -4.8507488e-02   3.8873358e+00  -3.7326636e-02  -4.8507488e-02
   4.8580000e+02   3.8873460e+00  -3.6907625e-02  -4.8198252e-02   3.8873460e+00  -3.6907625e-02  -4.8198252e-02
   4.8590000e+02   3.8873723e+00  -3.6528753e-02  -4.7853364e-02   3.8873723e+00  -3.6528753e-02  -4.7853364e-02
   4.8600000e+02   3.8874150e+00  -3.6193130e-02  -4.7473796e-02   3.8874150e+00  -3.6193130e-02  -4.7473796e-02
   4.8610000e+02   3.8874742e+00  -3.5903335e-02  -4.7060812e-02   3.8874742e+00  -3.5903335e-02  -4.7060812e-02
   4.8620000e+02   3.8875501e+00  -3.5661422e-02  -4.6616000e-02   3.8875501e+00  -3.5661422e-02  -4.6616000e-02
   4.8630000e+02   3.8876428e+00  -3.5468935e-02  -4.6141356e-02   3.8876428e+00  -3.5468935e-02  -4.6141356e-02
   4.8640000e+02   3.8877524e+00  -3.5326919e-02  -4.5639324e-02   3.8877524e+00  -3.5326919e-02  -4.5639324e-02
   4.8650000e+02   3.8878785e+00  -3.5235941e-02  -4.5112808e-02   3.8878785e+00  -3.5235941e-02  -4.5112808e-02
   4.8660000e+02   3.8880211e+00  -3.5196100e-02  -4.4565100e-02   3.8880211e+00  -3.5196100e-02  -4.4565100e-02
   4.8670000e+02   3.8881797e+00  -3.5207029e-02  -4.3999828e-02   3.8881797e+00  -3.5207029e-02  -4.3999828e-02
   4.8680000e+02   3.8883538e+00  -3.5267866e-02  -4.3420828e-02   3.8883538e+00  -3.5267866e-02  -4.3420828e-02
   4.8690000e+02   3.8885425e+00  -3.5377212e-02  -4.2832112e-02   3.8885425e+00  -3.5377212e-02  -4.2832112e-02
   4.8700000e+02   3.8887452e+00  -3.5533111e-02  -4.2237764e-02   3.8887452e+00  -3.5533111e-02  -4.2237764e-02
   4.8710000e+02   3.8889607e+00  -3.5733052e-02  -4.1641920e-02   3.8889607e+00  -3.5733052e-02  -4.1641920e-02
   4.8720000e+02   3.8891882e+00  -3.5974004e-02  -4.1048740e-02   3.8891882e+00  -3.5974004e-02  -4.1048740e-02
   4.8730000e+02   3.8894264e+00  -3.6252476e-02  -4.0462388e-02   3.8894264e+00  -3.6252476e-02  -4.0462388e-02
   4.8740000e+02   3.8896740e+00  -3.6564601e-02  -3.9887082e-02   3.8896740e+00  -3.6564601e-02  -3.9887082e-02
   4.8750000e+02   3.8899298e+00  -3.6906227e-02  -3.9327078e-02   3.8899298e+00  -3.6906227e-02  -3.9327078e-02
   4.8760000e+02   3.8901923e+00  -3.7272995e-02  -3.8786694e-02   3.8901923e+00  -3.7272995e-02  -3.8786694e-02
   4.8770000e+02   3.8904602e+00  -3.7660407e-02  -3.8270282e-02   3.8904602e+00  -3.7660407e-02  -3.8270282e-02
   4.8780000e+02   3.8907318e+00  -3.8063895e-02  -3.7782185e-02   3.8907318e+00  -3.8063895e-02  -3.7782185e-02
   4.8790000e+02   3.8910060e+00  -3.8478908e-02  -3.7326636e-02   3.8910060e+00  -3.8478908e-02  -3.7326636e-02
   4.8800000e+02   3.8912810e+00  -3.8901024e-02  -3.6907625e-02   3.8912810e+00  -3.8901024e-02  -3.6907625e-02
   4.8810000e+02   3.8915554e+00  -3.9326064e-02  -3.6528753e-02   3.8915554e+00  -3.9326064e-02  -3.6528753e-02
   4.8820000e+02   3.8918280e+00  -3.9750222e-02  -3.6193130e-02   3.8918280e+00  -3.9750222e-02  -3.6193130e-02
   4.8830000e+02   3.8920972e+00  -4.0170156e-02  -3.5903335e-02   3.8920972e+00  -4.0170156e-02  -3.5903335e-02
   4.8840000e+02   3.8923617e+00  -4.0583052e-02  -3.5661422e-02   3.8923617e+00  -4.0583052e-02  -3.5661422e-02
   4.8850000e+02   3.8926203e+00  -4.0986636e-02  -3.5468935e-02   3.8926203e+00  -4.0986636e-02  -3.5468935e-02
   4.8860000e+02   3.8928718e+00  -4.1379128e-02  -3.5326919e-02   3.8928718e+00  -4.1379128e-02  -3.5326919e-02
   4.8870000e+02   3.8931151e+00  -4.1759168e-02  -3.5235941e-02   3.8931151e+00  -4.1759168e-02  -3.5235941e-02
   4.8880000e+02   3.8933492e+00  -4.2125768e-02  -3.5196100e-02   3.8933492e+00  -4.2125768e-02  -3.5196100e-02
   4.8890000e+02   3.8935730e+00  -4.2478332e-02  -3.5207029e-02   3.8935730e+00  -4.2478332e-02  -3.5207029e-02
   4.8900000e+02   3.8937859e+00  -4.2816640e-02  -3.5267866e-02   3.8937859e+00  -4.2816640e-02  -3.5267866e-02
   4.8910000e+02   3.8939869e+00  -4.3140872e-02  -3.5377212e-02   3.8939869e+00  -4.3140872e-02  -3.5377212e-02
   4.8920000e+02   3.8941752e+00  -4.3451556e-02  -3.5533111e-02   3.8941752e+00  -4.3451556e-02  -3.5533111e-02
   4.8930000e+02   3.8943500e+00  -4.3749524e-02  -3.5733052e-02   3.8943500e+00  -4.3749524e-02  -3.5733052e-02
   4.8940000e+02   3.8945106e+00  -4.4035932e-02  -3.5974004e-02   3.8945106e+00  -4.4035932e-02  -3.5974004e-02
   4.8950000e+02   3.8946562e+00  -4.4312264e-02  -3.6252476e-02   3.8946562e+00  -4.4312264e-02  -3.6252476e-02
   4.8960000e+02   3.8947862e+00  -4.4580284e-02  -3.6564601e-02   3.8947862e+00  -4.4580284e-02  -3.6564601e-02
   4.8970000e+02   3.8949000e+00  -4.4841884e-02  -3.6906227e-02   3.8949000e+00  -4.4841884e-02  -3.6906227e-02
   4.8980000e+02   3.8949969e+00  -4.5098844e-02  -3.7272995e-02   3.8949969e+00  -4.5098844e-02  -3.7272995e-02
   4.8990000e+02   3.8950766e+00  -4.5352576e-02  -3.7660407e-02   3.8950766e+00  -4.5352576e-02  -3.7660407e-02
   4.9000000e+02   3.8951386e+00  -4.5604028e-02  -3.8063895e-02   3.8951386e+00  -4.5604028e-02  -3.8063895e-02
   4.9010000e+02   3.8951826e+00  -4.5853688e-02  -3.8478908e-02   3.8951826e+00  -4.5853688e-02  -3.8478908e-02
   4.9020000e+02   3.8952083e+00  -4.6101780e-02  -3.8901024e-02   3.8952083e+00  -4.6101780e-02  -3.8901024e-02
   4.9030000e+02   3.8952156e+00  -4.6348444e-02  -3.9326064e-02   3.8952156e+00  -4.6348444e-02  -3.9326064e-02
   4.9040000e+02   3.8952044e+00  -4.6593860e-02  -3.9750222e-02   3.8952044e+00  -4.6593860e-02  -3.9750222e-02
   4.9050000e+02   3.8951748e+00  -4.6838216e-02  -4.0170156e-02   3.8951748e+00  -4.6838216e-02  -4.0170156e-02
   4.9060000e+02   3.8951269e+00  -4.7081552e-02  -4.0583052e-02   3.8951269e+00  -4.7081552e-02  -4.0583052e-02
   4.9070000e+02   3.8950609e+00  -4.7323568e-02  -4.0986636e-02   3.8950609e+00  -4.7323568e-02  -4.0986636e-02
   4.9080000e+02   3.8949772e+00  -4.7563468e-02  -4.1379128e-02   3.8949772e+00  -4.7563468e-02  -4.1379128e-02
   4.9090000e+02   3.8948761e+00  -4.7799900e-02  -4.1759168e-02   3.8948761e+00  -4.7799900e-02  -4.1759168e-02
   4.9100000e+02   3.8947582e+00  -4.8030996e-02  -4.2125768e-02   3.8947582e+00  -4.8030996e-02  -4.2125768e-02
   4.9110000e+02   3.8946240e+00  -4.8254544e-02  -4.2478332e-02   3.8946240e+00  -4.8254544e-02  -4.2478332e-02
   4.9120000e+02   3.8944742e+00  -4.8468216e-02  -4.2816640e-02   3.8944742e+00  -4.8468216e-02  -4.2816640e-02
   4.9130000e+02   3.8943098e+00  -4.8669824e-02  -4.3140872e-02   3.8943098e+00  -4.8669824e-02  -4.3140872e-02
   4.9140000e+02   3.8941317e+00  -4.8857464e-02  -4.3451556e-02   3.8941317e+00  -4.8857464e-02  -4.3451556e-02
   4.9150000e+02   3.8939409e+00  -4.9029536e-02  -4.3749524e-02   3.8939409e+00  -4.9029536e-02  -4.3749524e-02
   4.9160000e+02   3.8937387e+00  -4.9184632e-02  -4.4035932e-02   3.8937387e+00  -4.9184632e-02  -4.4035932e-02
   4.9170000e+02   3.8935262e+00  -4.9321324e-02  -4.4312264e-02   3.8935262e+00  -4.9321324e-02  -4.4312264e-02
   4.9180000e+02   3.8933046e+00  -4.9437972e-02  -4.4580284e-02   3.8933046e+00  -4.9437972e-02  -4.4580284e-02
   4.9190000e+02   3.8930751e+00  -4.9532580e-02  -4.4841884e-02   3.8930751e+00  -4.9532580e-02  -4.4841884e-02
   4.9200000e+02   3.8928390e+00  -4.9602816e-02  -4.5098844e-02   3.8928390e+00  -4.9602816e-02  -4.5098844e-02
   4.9210000e+02   3.8925975e+00  -4.9646140e-02  -4.5352576e-02   3.8925975e+00  -4.9646140e-02  -4.5352576e-02
   4.9220000e+02   3.8923517e+00  -4.9660024e-02  -4.5604028e-02   3.8923517e+00  -4.9660024e-02  -4.5604028e-02
   4.9230000e+02   3.8921028e+00  -4.9642152e-02  -4.5853688e-02   3.8921028e+00  -4.9642152e-02  -4.5853688e-02
   4.9240000e+02   3.8918518e+00  -4.9590556e-02  -4.6101780e-02   3.8918518e+00  -4.9590556e-02  -4.6101780e-02
   4.9250000e+02   3.8916000e+00  -4.9503708e-02  -4.6348444e-02   3.8916000e+00  -4.9503708e-02  -4.6348444e-02
   4.9260000e+02   3.8913484e+00  -4.9380520e-02  -4.6593860e-02   3.8913484e+00  -4.9380520e-02  -4.6593860e-02
   4.9270000e+02   3.8910980e+00  -4.9220336e-02  -4.6838216e-02   3.8910980e+00  -4.9220336e-02  -4.6838216e-02
   4.9280000e+02   3.8908497e+00  -4.9022868e-02  -4.7081552e-02   3.8908497e+00  -4.9022868e-02  -4.7081552e-02
   4.9290000e+02   3.8906047e+00  -4.8788144e-02  -4.7323568e-02   3.8906047e+00  -4.8788144e-02  -4.7323568e-02
   4.9300000e+02   3.8903637e+00  -4.8516456e-02  -4.7563468e-02   3.8903637e+00  -4.8516456e-02  -4.7563468e-02
   4.9310000e+02   3.8901277e+00  -4.8208340e-02  -4.7799900e-02   3.8901277e+00  -4.8208340e-02  -4.7799900e-02
   4.9320000e+02   3.8898974e+00  -4.7864532e-02  -4.8030996e-02   3.8898974e+00  -4.7864532e-02  -4.8030996e-02
   4.9330000e+02   3.8896735e+00  -4.7486020e-02  -4.8254544e-02   3.8896735e+00  -4.7486020e-02  -4.8254544e-02
   4.9340000e+02   3.8894567e+00  -4.7074048e-02  -4.8468216e-02   3.8894567e+00  -4.7074048e-02  -4.8468216e-02
   4.9350000e+02   3.8892476e+00  -4.6630188e-02  -4.8669824e-02   3.8892476e+00  -4.6630188e-02  -4.8669824e-02
   4.9360000e+02   3.8890468e+00  -4.6156432e-02  -4.8857464e-02   3.8890468e+00  -4.6156432e-02  -4.8857464e-02
   4.9370000e+02   3.8888548e+00  -4.5655204e-02  -4.9029536e-02   3.8888548e+00  -4.5655204e-02  -4.9029536e-02
   4.9380000e+02   3.8886720e+00  -4.5129392e-02  -4.9184632e-02   3.8886720e+00  -4.5129392e-02  -4.9184632e-02
   4.9390000e+02   3.8884990e+00  -4.4582288e-02  -4.9321324e-02   3.8884990e+00  -4.4582288e-02  -4.9321324e-02
   4.9400000e+02   3.8883361e+00  -4.4017500e-02  -4.9437972e-02   3.8883361e+00  -4.4017500e-02  -4.9437972e-02
   4.9410000e+02   3.8881838e+00  -4.3438868e-02  -4.9532580e-02   3.8881838e+00  -4.3438868e-02  -4.9532580e-02
   4.9420000e+02   3.8880426e+00  -4.2850388e-02  -4.9602816e-02   3.8880426e+00  -4.2850388e-02  -4.9602816e-02
   4.9430000e+02   3.8879129e+00  -4.2256152e-02  -4.9646140e-02   3.8879129e+00  -4.2256152e-02  -4.9646140e-02
   4.9440000e+02   3.8877951e+00  -4.1660292e-02  -4.9660024e-02   3.8877951e+00  -4.1660292e-02  -4.9660024e-02
   4.9450000e+02   3.8876896e+00  -4.1066968e-02  -4.9642152e-02   3.8876896e+00  -4.1066968e-02  -4.9642152e-02
   4.9460000e+02   3.8875969e+00  -4.0480344e-02  -4.9590556e-02   3.8875969e+00  -4.0480344e-02  -4.9590556e-02
   4.9470000e+02   3.8875175e+00  -3.9904632e-02  -4.9503708e-02   3.8875175e+00  -3.9904632e-02  -4.9503708e-02
   4.9480000e+02   3.8874518e+00  -3.9344091e-02  -4.9380520e-02   3.8874518e+00  -3.9344091e-02  -4.9380520e-02
   4.9490000e+02   3.8874003e+00  -3.8803036e-02  -4.9220336e-02   3.8874003e+00  -3.8803036e-02  -4.9220336e-02
   4.9500000e+02   3.8873635e+00  -3.8285819e-02  -4.9022868e-02   3.8873635e+00  -3.8285819e-02  -4.9022868e-02
   4.9510000e+02   3.8873418e+00  -3.7796784e-02  -4.8788144e-02   3.8873418e+00  -3.7796784e-02  -4.8788144e-02
   4.9520000e+02   3.8873357e+00  -3.7340169e-02  -4.8516456e-02   3.8873357e+00  -3.7340169e-02  -4.8516456e-02
   4.9530000e+02   3.8873454e+00  -3.6919974e-02  -4.8208340e-02   3.8873454e+00  -3.6919974e-02  -4.8208340e-02
   4.9540000e+02   3.8873712e+00  -3.6539813e-02  -4.7864532e-02   3.8873712e+00  -3.6539813e-02  -4.7864532e-02
   4.9550000e+02   3.8874133e+00  -3.6202814e-02  -4.7486020e-02   3.8874133e+00  -3.6202814e-02  -4.7486020e-02
   4.9560000e+02   3.8874720e+00  -3.5911571e-02  -4.7074048e-02   3.8874720e+00  -3.5911571e-02  -4.7074048e-02
   4.9570000e+02   3.8875474e+00  -3.5668154e-02  -4.6630188e-02   3.8875474e+00  -3.5668154e-02  -4.6630188e-02
   4.9580000e+02   3.8876396e+00  -3.5474123e-02  -4.6156432e-02   3.8876396e+00  -3.5474123e-02  -4.6156432e-02
   4.9590000e+02   3.8877486e+00  -3.5330538e-02  -4.5655204e-02   3.8877486e+00  -3.5330538e-02  -4.5655204e-02
   4.9600000e+02   3.8878743e+00  -3.5237980e-02  -4.5129392e-02   3.8878743e+00  -3.5237980e-02  -4.5129392e-02
   4.9610000e+02   3.8880164e+00  -3.5196563e-02  -4.4582288e-02   3.8880164e+00  -3.5196563e-02  -4.4582288e-02
   4.9620000e+02   3.8881745e+00  -3.5205935e-02  -4.4017500e-02   3.8881745e+00  -3.5205935e-02  -4.4017500e-02
   4.9630000e+02   3.8883481e+00  -3.5265249e-02  -4.3438868e-02   3.8883481e+00  -3.5265249e-02  -4.3438868e-02
   4.9640000e+02   3.8885364e+00  -3.5373124e-02  -4.2850388e-02   3.8885364e+00  -3.5373124e-02  -4.2850388e-02
   4.9650000e+02   3.8887386e+00  -3.5527620e-02  -4.2256152e-02   3.8887386e+00  -3.5527620e-02  -4.2256152e-02
   4.9660000e+02   3.8889538e+00  -3.5726244e-02  -4.1660292e-02   3.8889538e+00  -3.5726244e-02  -4.1660292e-02
   4.9670000e+02   3.8891809e+00  -3.5965980e-02  -4.1066968e-02   3.8891809e+00  -3.5965980e-02  -4.1066968e-02
   4.9680000e+02   3.8894188e+00  -3.6243350e-02  -4.0480344e-02   3.8894188e+00  -3.6243350e-02  -4.0480344e-02
   4.9690000e+02   3.8896662e+00  -3.6554497e-02  -3.9904632e-02   3.8896662e+00  -3.6554497e-02  -3.9904632e-02
   4.9700000e+02   3.8899217e+00  -3.6895276e-02  -3.9344091e-02   3.8899217e+00  -3.6895276e-02  -3.9344091e-02
   4.9710000e+02   3.8901840e+00  -3.7261334e-02  -3.8803036e-02   3.8901840e+00  -3.7261334e-02  -3.8803036e-02
   4.9720000e+02   3.8904518e+00  -3.7648176e-02  -3.8285819e-02   3.8904518e+00  -3.7648176e-02  -3.8285819e-02
   4.9730000e+02   3.8907234e+00  -3.8051236e-02  -3.7796784e-02   3.8907234e+00  -3.8051236e-02  -3.7796784e-02
   4.9740000e+02   3.8909974e+00  -3.8465961e-02  -3.7340169e-02   3.8909974e+00  -3.8465961e-02  -3.7340169e-02
   4.9750000e+02   3.8912724e+00  -3.8887920e-02  -3.6919974e-02   3.8912724e+00  -3.8887920e-02  -3.6919974e-02
   4.9760000e+02   3.8915469e+00  -3.9312930e-02  -3.6539813e-02   3.8915469e+00  -3.9312930e-02  -3.6539813e-02
   4.9770000e+02   3.8918196e+00  -3.9737167e-02  -3.6202814e-02   3.8918196e+00  -3.9737167e-02  -3.6202814e-02
   4.9780000e+02   3.8920889e+00  -4.0157276e-02  -3.5911571e-02   3.8920889e+00  -4.0157276e-02  -3.5911571e-02
   4.9790000e+02   3.8923536e+00  -4.0570424e-02  -3.5668154e-02   3.8923536e+00  -4.0570424e-02  -3.5668154e-02
   4.9800000e+02   3.8926124e+00  -4.0974328e-02  -3.5474123e-02   3.8926124e+00  -4.0974328e-02  -3.5474123e-02
   4.9810000e+02   3.8928641e+00  -4.1367184e-02  -3.5330538e-02   3.8928641e+00  -4.1367184e-02  -3.5330538e-02
   4.9820000e+02   3.8931076e+00  -4.1747624e-02  -3.5237980e-02   3.8931076e+00  -4.1747624e-02  -3.5237980e-02
   4.9830000e+02   3.8933420e+00  -4.2114652e-02  -3.5196563e-02   3.8933420e+00  -4.2114652e-02  -3.5196563e-02
   4.9840000e+02   3.8935662e+00  -4.2467652e-02  -3.5205935e-02   3.8935662e+00  -4.2467652e-02  -3.5205935e-02
   4.9850000e+02   3.8937794e+00  -4.2806400e-02  -3.5265249e-02   3.8937794e+00  -4.2806400e-02  -3.5265249e-02
   4.9860000e+02   3.8939808e+00  -4.3131064e-02  -3.5373124e-02   3.8939808e+00  -4.3131064e-02  -3.5373124e-02
   4.9870000e+02   3.8941695e+00  -4.3442152e-02  -3.5527620e-02   3.8941695e+00  -4.3442152e-02  -3.5527620e-02
   4.9880000e+02   3.8943447e+00  -4.3740500e-02  -3.5726244e-02   3.8943447e+00  -4.3740500e-02  -3.5726244e-02
   4.9890000e+02   3.8945058e+00  -4.4027244e-02  -3.5965980e-02   3.8945058e+00  -4.4027244e-02  -3.5965980e-02
   4.9900000e+02   3.8946519e+00  -4.4303860e-02  -3.6243350e-02   3.8946519e+00  -4.4303860e-02  -3.6243350e-02
   4.9910000e+02   3.8947824e+00  -4.4572112e-02  -3.6554497e-02   3.8947824e+00  -4.4572112e-02  -3.6554497e-02
   4.9920000e+02   3.8948966e+00  -4.4833884e-02  -3.6895276e-02   3.8948966e+00  -4.4833884e-02  -3.6895276e-02
   4.9930000e+02   3.8949941e+00  -4.5090964e-02  -3.7261334e-02   3.8949941e+00  -4.5090964e-02  -3.7261334e-02
   4.9940000e+02   3.8950743e+00  -4.5344780e-02  -3.7648176e-02   3.8950743e+00  -4.5344780e-02  -3.7648176e-02
   4.9950000e+02   3.8951369e+00  -4.5596292e-02  -3.8051236e-02   3.8951369e+00  -4.5596292e-02  -3.8051236e-02
   4.9960000e+02   3.8951814e+00  -4.5846004e-02  -3.8465961e-02   3.8951814e+00  -4.5846004e-02  -3.8465961e-02
   4.9970000e+02   3.8952077e+00  -4.6094144e-02  -3.8887920e-02   3.8952077e+00  -4.6094144e-02  -3.8887920e-02
   4.9980000e+02   3.8952156e+00  -4.6340852e-02  -3.9312930e-02   3.8952156e+00  -4.6340852e-02  -3.9312930e-02
   4.9990000e+02   3.8952050e+00  -4.6586304e-02  -3.9737167e-02   3.8952050e+00  -4.6586304e-02  -3.9737167e-02
   5.0000000e+02   3.8951758e+00  -4.6830688e-02  -4.0157276e-02   3.8951758e+00  -4.6830688e-02  -4.0157276e-02
   5.0010000e+02   3.8951280e+00  -4.7074192e-02  -4.0570424e-02   3.8951280e+00  -4.7074192e-02  -4.0570424e-02
