   4.5000000e+02   3.7545691e+00  -2.4122509e-02  -8.4582512e-02   3.7545691e+00  -2.4122509e-02  -8.4582512e-02
   4.5010000e+02   3.7546401e+00  -2.1693157e-02  -8.3058988e-02   3.7546401e+00  -2.1693157e-02  -8.3058988e-02
   4.5020000e+02   3.7546910e+00  -1.9489020e-02  -8.1348188e-02   3.7546910e+00  -1.9489020e-02  -8.1348188e-02
   4.5030000e+02   3.7547200e+00  -1.7531088e-02  -7.9451076e-02   3.7547200e+00  -1.7531088e-02  -7.9451076e-02
   4.5040000e+02   3.7547257e+00  -1.5838462e-02  -7.7370888e-02   3.7547257e+00  -1.5838462e-02  -7.7370888e-02
   4.5050000e+02   3.7547067e+00  -1.4427915e-02  -7.5113024e-02   3.7547067e+00  -1.4427915e-02  -7.5113024e-02
   4.5060000e+02   3.7546619e+00  -1.3313254e-02  -7.2684916e-02   3.7546619e+00  -1.3313254e-02  -7.2684916e-02
   4.5070000e+02   3.7545907e+00  -1.2504654e-02  -7.0095924e-02   3.7545907e+00  -1.2504654e-02  -7.0095924e-02
   4.5080000e+02   3.7544925e+00  -1.2008224e-02  -6.7357344e-02   3.7544925e+00  -1.2008224e-02  -6.7357344e-02
   4.5090000e+02   3.7543674e+00  -1.1825956e-02  -6.4482448e-02   3.7543674e+00  -1.1825956e-02  -6.4482448e-02
   4.5100000e+02   3.7542156e+00  -1.1956081e-02  -6.1486452e-02   3.7542156e+00  -1.1956081e-02  -6.1486452e-02
   4.5110000e+02   3.7540376e+00  -1.2393628e-02  -5.8386424e-02   3.7540376e+00  -1.2393628e-02  -5.8386424e-02
   4.5120000e+02   3.7538344e+00  -1.3130960e-02  -5.5201252e-02   3.7538344e+00  -1.3130960e-02  -5.5201252e-02
   4.5130000e+02   3.7536074e+00  -1.4158079e-02  -5.1951780e-02   3.7536074e+00  -1.4158079e-02  -5.1951780e-02
   4.5140000e+02   3.7533584e+00  -1.5462627e-02  -4.8661056e-02   3.7533584e+00  -1.5462627e-02  -4.8661056e-02
   4.5150000e+02   3.7530895e+00  -1.7029701e-02  -4.5354372e-02   3.7530895e+00  -1.7029701e-02  -4.5354372e-02
   4.5160000e+02   3.7528032e+00  -1.8841694e-02  -4.2058988e-02   3.7528032e+00  -1.8841694e-02  -4.2058988e-02
   4.5170000e+02   3.7525022e+00  -2.0878344e-02  -3.8803442e-02   3.7525022e+00  -2.0878344e-02  -3.8803442e-02
   4.5180000e+02   3.7521894e+00  -2.3117074e-02  -3.5616782e-02   3.7521894e+00  -2.3117074e-02  -3.5616782e-02
   4.5190000e+02   3.7518678e+00  -2.5533550e-02  -3.2527856e-02   3.7518678e+00  -2.5533550e-02  -3.2527856e-02
   4.5200000e+02   3.7515405e+00  -2.8102361e-02  -2.9564752e-02   3.7515405e+00  -2.8102361e-02  -2.9564752e-02
   4.5210000e+02   3.7512107e+00  -3.0797680e-02  -2.6754431e-02   3.7512107e+00  -3.0797680e-02  -2.6754431e-02
   4.5220000e+02   3.7508816e+00  -3.3593834e-02  -2.4122509e-02   3.7508816e+00  -3.3593834e-02  -2.4122509e-02
   4.5230000e+02   3.7505562e+00  -3.6465737e-02  -2.1693157e-02   3.7505562e+00  -3.6465737e-02  -2.1693157e-02
   4.5240000e+02   3.7502378e+00  -3.9389164e-02  -1.9489020e-02   3.7502378e+00  -3.9389164e-02  -1.9489020e-02
   4.5250000e+02   3.7499289e+00  -4.2340856e-02  -1.7531088e-02   3.7499289e+00  -4.2340856e-02  -1.7531088e-02
   4.5260000e+02   3.7496324e+00  -4.5298548e-02  -1.5838462e-02   3.7496324e+00  -4.5298548e-02  -1.5838462e-02
   4.5270000e+02   3.7493506e+00  -4.8241056e-02  -1.4427915e-02   3.7493506e+00  -4.8241056e-02  -1.4427915e-02
   4.5280000e+02   3.7490854e+00  -5.1148500e-02  -1.3313254e-02   3.7490854e+00  -5.1148500e-02  -1.3313254e-02
   4.5290000e+02   3.7488389e+00  -5.4002624e-02  -1.2504654e-02   3.7488389e+00  -5.4002624e-02  -1.2504654e-02
   4.5300000e+02   3.7486125e+00  -5.6787112e-02  -1.2008224e-02   3.7486125e+00  -5.6787112e-02  -1.2008224e-02
   4.5310000e+02   3.7484074e+00  -5.9487788e-02  -1.1825956e-02   3.7484074e+00  -5.9487788e-02  -1.1825956e-02
   4.5320000e+02   3.7482247e+00  -6.2092716e-02  -1.1956081e-02   3.7482247e+00  -6.2092716e-02  -1.1956081e-02
   4.5330000e+02   3.7480651e+00  -6.4592188e-02  -1.2393628e-02   3.7480651e+00  -6.4592188e-02  -1.2393628e-02
   4.5340000e+02   3.7479289e+00  -6.6978696e-02  -1.3130960e-02   3.7479289e+00  -6.6978696e-02  -1.3130960e-02
   4.5350000e+02   3.7478163e+00  -6.9246848e-02  -1.4158079e-02   3.7478163e+00  -6.9246848e-02  -1.4158079e-02
   4.5360000e+02   3.7477271e+00  -7.1393224e-02  -1.5462627e-02   3.7477271e+00  -7.1393224e-02  -1.5462627e-02
   4.5370000e+02   3.7476609e+00  -7.3416132e-02  -1.7029701e-02   3.7476609e+00  -7.3416132e-02  -1.7029701e-02
   4.5380000e+02   3.7476172e+00  -7.5315384e-02  -1.8841694e-02   3.7476172e+00  -7.5315384e-02  -1.8841694e-02
   4.5390000e+02   3.7475951e+00  -7.7092008e-02  -2.0878344e-02   3.7475951e+00  -7.7092008e-02  -2.0878344e-02
   4.5400000e+02   3.7475938e+00  -7.8747972e-02  -2.3117074e-02   3.7475938e+00  -7.8747972e-02  -2.3117074e-02
   4.5410000e+02   3.7476122e+00  -8.0285896e-02  -2.5533550e-02   3.7476122e+00  -8.0285896e-02  -2.5533550e-02
   4.5420000e+02   3.7476494e+00  -8.1708784e-02  -2.8102361e-02   3.7476494e+00  -8.1708784e-02  -2.8102361e-02
   4.5430000e+02   3.7477042e+00  -8.3019784e-02  -3.0797680e-02   3.7477042e+00  -8.3019784e-02  -3.0797680e-02
   4.5440000e+02   3.7477752e+00  -8.4221980e-02  -3.3593834e-02   3.7477752e+00  -8.4221980e-02  -3.3593834e-02
   4.5450000e+02   3.7478611e+00  -8.5318192e-02  -3.6465737e-02   3.7478611e+00  -8.5318192e-02  -3.6465737e-02
   4.5460000e+02   3.7479605e+00  -8.6310772e-02  -3.9389164e-02   3.7479605e+00  -8.6310772e-02  -3.9389164e-02
   4.5470000e+02   3.7480718e+00  -8.7201436e-02  -4.2340856e-02   3.7480718e+00  -8.7201436e-02  -4.2340856e-02
   4.5480000e+02   3.7481937e+00  -8.7991128e-02  -4.5298548e-02   3.7481937e+00  -8.7991128e-02  -4.5298548e-02
   4.5490000e+02   3.7483247e+00  -8.8679920e-02  -4.8241056e-02   3.7483247e+00  -8.8679920e-02  -4.8241056e-02
   4.5500000e+02   3.7484636e+00  -8.9266908e-02  -5.1148500e-02   3.7484636e+00  -8.9266908e-02  -5.1148500e-02
   4.5510000e+02   3.7486092e+00  -8.9750140e-02  -5.4002624e-02   3.7486092e+00  -8.9750140e-02  -5.4002624e-02
   4.5520000e+02   3.7487603e+00  -9.0126660e-02  -5.6787112e-02   3.7487603e+00  -9.0126660e-02  -5.6787112e-02
   4.5530000e+02   3.7489160e+00  -9.0392612e-02  -5.9487788e-02   3.7489160e+00  -9.0392612e-02  -5.9487788e-02
   4.5540000e+02   3.7490754e+00  -9.0543412e-02  -6.2092716e-02   3.7490754e+00  -9.0543412e-02  -6.2092716e-02
   4.5550000e+02   3.7492376e+00  -9.0573808e-02  -6.4592188e-02   3.7492376e+00  -9.0573808e-02  -6.4592188e-02
   4.5560000e+02   3.7494018e+00  -9.0477888e-02  -6.6978696e-02   3.7494018e+00  -9.0477888e-02  -6.6978696e-02
   4.5570000e+02   3.7495674e+00  -9.0249052e-02  -6.9246848e-02   3.7495674e+00  -9.0249052e-02  -6.9246848e-02
   4.5580000e+02   3.7497335e+00  -8.9880048e-02  -7.1393224e-02   3.7497335e+00  -8.9880048e-02  -7.1393224e-02
   4.5590000e+02   3.7498998e+00  -8.9363160e-02  -7.3416132e-02   3.7498998e+00  -8.9363160e-02  -7.3416132e-02
   4.5600000e+02   3.7500657e+00  -8.8690552e-02  -7.5315384e-02   3.7500657e+00  -8.8690552e-02  -7.5315384e-02
   4.5610000e+02   3.7502313e+00  -8.7854672e-02  -7.7092008e-02   3.7502313e+00  -8.7854672e-02  -7.7092008e-02
   4.5620000e+02   3.7503963e+00  -8.6848572e-02  -7.8747972e-02   3.7503963e+00  -8.6848572e-02  -7.8747972e-02
   4.5630000e+02   3.7505609e+00  -8.5666204e-02  -8.0285896e-02   3.7505609e+00  -8.5666204e-02  -8.0285896e-02
   4.5640000e+02   3.7507254e+00  -8.4302736e-02  -8.1708784e-02   3.7507254e+00  -8.4302736e-02  -8.1708784e-02
   4.5650000e+02   3.7508901e+00  -8.2754968e-02  -8.3019784e-02   3.7508901e+00  -8.2754968e-02  -8.3019784e-02
   4.5660000e+02   3.7510553e+00  -8.1021728e-02  -8.4221980e-02   3.7510553e+00  -8.1021728e-02  -8.4221980e-02
   4.5670000e+02   3.7512216e+00  -7.9104084e-02  -8.5318192e-02   3.7512216e+00  -7.9104084e-02  -8.5318192e-02
   4.5680000e+02   3.7513892e+00  -7.7005372e-02  -8.6310772e-02   3.7513892e+00  -7.7005372e-02  -8.6310772e-02
   4.5690000e+02   3.7515586e+00  -7.4731088e-02  -8.7201436e-02   3.7515586e+00  -7.4731088e-02  -8.7201436e-02
   4.5700000e+02   3.7517300e+00  -7.2288772e-02  -8.7991128e-02   3.7517300e+00  -7.2288772e-02  -8.7991128e-02
   4.5710000e+02   3.7519038e+00  -6.9687884e-02  -8.8679920e-02   3.7519038e+00  -6.9687884e-02  -8.8679920e-02
   4.5720000e+02   3.7520798e+00  -6.6939800e-02  -8.9266908e-02   3.7520798e+00  -6.6939800e-02  -8.9266908e-02
   4.5730000e+02   3.7522578e+00  -6.4057872e-02  -8.9750140e-02   3.7522578e+00  -6.4057872e-02  -8.9750140e-02
   4.5740000e+02   3.7524374e+00  -6.1057376e-02  -9.0126660e-02   3.7524374e+00  -6.1057376e-02  -9.0126660e-02
   4.5750000e+02   3.7526179e+00  -5.7955416e-02  -9.0392612e-02   3.7526179e+00  -5.7955416e-02  -9.0392612e-02
   4.5760000e+02   3.7527980e+00  -5.4770900e-02  -9.0543412e-02   3.7527980e+00  -5.4770900e-02  -9.0543412e-02
   4.5770000e+02   3.7529767e+00  -5.1524648e-02  -9.0573808e-02   3.7529767e+00  -5.1524648e-02  -9.0573808e-02
   4.5780000e+02   3.7531525e+00  -4.8239636e-02  -9.0477888e-02   3.7531525e+00  -4.8239636e-02  -9.0477888e-02
   4.5790000e+02   3.7533239e+00  -4.4941056e-02  -9.0249052e-02   3.7533239e+00  -4.4941056e-02  -9.0249052e-02
   4.5800000e+02   3.7534892e+00  -4.1656052e-02  -8.9880048e-02   3.7534892e+00  -4.1656052e-02  -8.9880048e-02
   4.5810000e+02   3.7536468e+00  -3.8413056e-02  -8.9363160e-02   3.7536468e+00  -3.8413056e-02  -8.9363160e-02
   4.5820000e+02   3.7537947e+00  -3.5241032e-02  -8.8690552e-02   3.7537947e+00  -3.5241032e-02  -8.8690552e-02
   4.5830000e+02   3.7539312e+00  -3.2168734e-02  -8.7854672e-02   3.7539312e+00  -3.2168734e-02  -8.7854672e-02
   4.5840000e+02   3.7540544e+00  -2.9224153e-02  -8.6848572e-02   3.7540544e+00  -2.9224153e-02  -8.6848572e-02
   4.5850000e+02   3.7541626e+00  -2.6434121e-02  -8.5666204e-02   3.7541626e+00  -2.6434121e-02  -8.5666204e-02
   4.5860000e+02   3.7542539e+00  -2.3824094e-02  -8.4302736e-02   3.7542539e+00  -2.3824094e-02  -8.4302736e-02
   4.5870000e+02   3.7543266e+00  -2.1418044e-02  -8.2754968e-02   3.7543266e+00  -2.1418044e-02  -8.2754968e-02
   4.5880000e+02   3.7543790e+00  -1.9238390e-02  -8.1021728e-02   3.7543790e+00  -1.9238390e-02  -8.1021728e-02
   4.5890000e+02   3.7544093e+00  -1.7305877e-02  -7.9104084e-02   3.7544093e+00  -1.7305877e-02  -7.9104084e-02
   4.5900000e+02   3.7544162e+00  -1.5639362e-02  -7.7005372e-02   3.7544162e+00  -1.5639362e-02  -7.7005372e-02
   4.5910000e+02   3.7543981e+00  -1.4255392e-02  -7.4731088e-02   3.7543981e+00  -1.4255392e-02  -7.4731088e-02
   4.5920000e+02   3.7543541e+00  -1.3167578e-02  -7.2288772e-02   3.7543541e+00  -1.3167578e-02  -7.2288772e-02
   4.5930000e+02   3.7542835e+00  -1.2385934e-02  -6.9687884e-02   3.7542835e+00  -1.2385934e-02  -6.9687884e-02
   4.5940000e+02   3.7541859e+00  -1.1916421e-02  -6.6939800e-02   3.7541859e+00  -1.1916421e-02  -6.6939800e-02
   4.5950000e+02   3.7540610e+00  -1.1760891e-02  -6.4057872e-02   3.7540610e+00  -1.1760891e-02  -6.4057872e-02
   4.5960000e+02   3.7539093e+00  -1.1917415e-02  -6.1057376e-02   3.7539093e+00  -1.1917415e-02  -6.1057376e-02
   4.5970000e+02   3.7537312e+00  -1.2380848e-02  -5.7955416e-02   3.7537312e+00  -1.2380848e-02  -5.7955416e-02
   4.5980000e+02   3.7535278e+00  -1.3143378e-02  -5.4770900e-02   3.7535278e+00  -1.3143378e-02  -5.4770900e-02
   4.5990000e+02   3.7533003e+00  -1.4194843e-02  -5.1524648e-02   3.7533003e+00  -1.4194843e-02  -5.1524648e-02
   4.6000000e+02   3.7530506e+00  -1.5522759e-02  -4.8239636e-02   3.7530506e+00  -1.5522759e-02  -4.8239636e-02
   4.6010000e+02   3.7527807e+00  -1.7112138e-02  -4.4941056e-02   3.7527807e+00  -1.7112138e-02  -4.4941056e-02
   4.6020000e+02   3.7524932e+00  -1.8945320e-02  -4.1656052e-02   3.7524932e+00  -1.8945320e-02  -4.1656052e-02
   4.6030000e+02   3.7521906e+00  -2.1002020e-02  -3.8413056e-02   3.7521906e+00  -2.1002020e-02  -3.8413056e-02
   4.6040000e+02   3.7518758e+00  -2.3259644e-02  -3.5241032e-02   3.7518758e+00  -2.3259644e-02  -3.5241032e-02
   4.6050000e+02   3.7515520e+00  -2.5693848e-02  -3.2168734e-02   3.7515520e+00  -2.5693848e-02  -3.2168734e-02
   4.6060000e+02   3.7512220e+00  -2.8279210e-02  -2.9224153e-02   3.7512220e+00  -2.8279210e-02  -2.9224153e-02
   4.6070000e+02   3.7508891e+00  -3.0989890e-02  -2.6434121e-02   3.7508891e+00  -3.0989890e-02  -2.6434121e-02
   4.6080000e+02   3.7505565e+00  -3.3800205e-02  -2.3824094e-02   3.7505565e+00  -3.3800205e-02  -2.3824094e-02
   4.6090000e+02   3.7502272e+00  -3.6685065e-02  -2.1418044e-02   3.7502272e+00  -3.6685065e-02  -2.1418044e-02
   4.6100000e+02   3.7499042e+00  -3.9620250e-02  -1.9238390e-02   3.7499042e+00  -3.9620250e-02  -1.9238390e-02
   4.6110000e+02   3.7495904e+00  -4.2582516e-02  -1.7305877e-02   3.7495904e+00  -4.2582516e-02  -1.7305877e-02
   4.6120000e+02   3.7492884e+00  -4.5549620e-02  -1.5639362e-02   3.7492884e+00  -4.5549620e-02  -1.5639362e-02
   4.6130000e+02   3.7490006e+00  -4.8500408e-02  -1.4255392e-02   3.7490006e+00  -4.8500408e-02  -1.4255392e-02
   4.6140000e+02   3.7487291e+00  -5.1415008e-02  -1.3167578e-02   3.7487291e+00  -5.1415008e-02  -1.3167578e-02
   4.6150000e+02   3.7484756e+00  -5.4275172e-02  -1.2385934e-02   3.7484756e+00  -5.4275172e-02  -1.2385934e-02
   4.6160000e+02   3.7482418e+00  -5.7064568e-02  -1.1916421e-02   3.7482418e+00  -5.7064568e-02  -1.1916421e-02
   4.6170000e+02   3.7480289e+00  -5.9768996e-02  -1.1760891e-02   3.7480289e+00  -5.9768996e-02  -1.1760891e-02
   4.6180000e+02   3.7478380e+00  -6.2376496e-02  -1.1917415e-02   3.7478380e+00  -6.2376496e-02  -1.1917415e-02
   4.6190000e+02   3.7476697e+00  -6.4877320e-02  -1.2380848e-02   3.7476697e+00  -6.4877320e-02  -1.2380848e-02
   4.6200000e+02   3.7475244e+00  -6.7263928e-02  -1.3143378e-02   3.7475244e+00  -6.7263928e-02  -1.3143378e-02
   4.6210000e+02   3.7474025e+00  -6.9530896e-02  -1.4194843e-02   3.7474025e+00  -6.9530896e-02  -1.4194843e-02
   4.6220000e+02   3.7473037e+00  -7.1674756e-02  -1.5522759e-02   3.7473037e+00  -7.1674756e-02  -1.5522759e-02
   4.6230000e+02   3.7472277e+00  -7.3693796e-02  -1.7112138e-02   3.7472277e+00  -7.3693796e-02  -1.7112138e-02
   4.6240000e+02   3.7471739e+00  -7.5587816e-02  -1.8945320e-02   3.7471739e+00  -7.5587816e-02  -1.8945320e-02
   4.6250000e+02   3.7471418e+00  -7.7357840e-02  -2.1002020e-02   3.7471418e+00  -7.7357840e-02  -2.1002020e-02
   4.6260000e+02   3.7471303e+00  -7.9005848e-02  -2.3259644e-02   3.7471303e+00  -7.9005848e-02  -2.3259644e-02
   4.6270000e+02   3.7471388e+00  -8.0534480e-02  -2.5693848e-02   3.7471388e+00  -8.0534480e-02  -2.5693848e-02
   4.6280000e+02   3.7471660e+00  -8.1946756e-02  -2.8279210e-02   3.7471660e+00  -8.1946756e-02  -2.8279210e-02
   4.6290000e+02   3.7472110e+00  -8.3245864e-02  -3.0989890e-02   3.7472110e+00  -8.3245864e-02  -3.0989890e-02
   4.6300000e+02   3.7472727e+00  -8.4434940e-02  -3.3800205e-02   3.7472727e+00  -8.4434940e-02  -3.3800205e-02
   4.6310000e+02   3.7473496e+00  -8.5516860e-02  -3.6685065e-02   3.7473496e+00  -8.5516860e-02  -3.6685065e-02
   4.6320000e+02   3.7474404e+00  -8.6494056e-02  -3.9620250e-02   3.7474404e+00  -8.6494056e-02  -3.9620250e-02
   4.6330000e+02   3.7475436e+00  -8.7368336e-02  -4.2582516e-02   3.7475436e+00  -8.7368336e-02  -4.2582516e-02
   4.6340000e+02   3.7476581e+00  -8.8140760e-02  -4.5549620e-02   3.7476581e+00  -8.8140760e-02  -4.5549620e-02
   4.6350000e+02   3.7477824e+00  -8.8811520e-02  -4.8500408e-02   3.7477824e+00  -8.8811520e-02  -4.8500408e-02
   4.6360000e+02   3.7479153e+00  -8.9379844e-02  -5.1415008e-02   3.7479153e+00  -8.9379844e-02  -5.1415008e-02
   4.6370000e+02   3.7480556e+00  -8.9843940e-02  -5.4275172e-02   3.7480556e+00  -8.9843940e-02  -5.4275172e-02
   4.6380000e+02   3.7482024e+00  -9.0201016e-02  -5.7064568e-02   3.7482024e+00  -9.0201016e-02  -5.7064568e-02
   4.6390000e+02   3.7483547e+00  -9.0447380e-02  -5.9768996e-02   3.7483547e+00  -9.0447380e-02  -5.9768996e-02
   4.6400000e+02   3.7485115e+00  -9.0578624e-02  -6.2376496e-02   3.7485115e+00  -9.0578624e-02  -6.2376496e-02
   4.6410000e+02   3.7486721e+00  -9.0589664e-02  -6.4877320e-02   3.7486721e+00  -9.0589664e-02  -6.4877320e-02
   4.6420000e+02   3.7488356e+00  -9.0474772e-02  -6.7263928e-02   3.7488356e+00  -9.0474772e-02  -6.7263928e-02
   4.6430000e+02   3.7490013e+00  -9.0227520e-02  -6.9530896e-02   3.7490013e+00  -9.0227520e-02  -6.9530896e-02
   4.6440000e+02   3.7491686e+00  -8.9840836e-02  -7.1674756e-02   3.7491686e+00  -8.9840836e-02  -7.1674756e-02
   4.6450000e+02   3.7493368e+00  -8.9307172e-02  -7.3693796e-02   3.7493368e+00  -8.9307172e-02  -7.3693796e-02
   4.6460000e+02   3.7495056e+00  -8.8618860e-02  -7.5587816e-02   3.7495056e+00  -8.8618860e-02  -7.5587816e-02
   4.6470000e+02   3.7496747e+00  -8.7768480e-02  -7.7357840e-02   3.7496747e+00  -8.7768480e-02  -7.7357840e-02
   4.6480000e+02   3.7498440e+00  -8.6749228e-02  -7.9005848e-02   3.7498440e+00  -8.6749228e-02  -7.9005848e-02
   4.6490000e+02   3.7500136e+00  -8.5555160e-02  -8.0534480e-02   3.7500136e+00  -8.5555160e-02  -8.0534480e-02
   4.6500000e+02   3.7501836e+00  -8.4181536e-02  -8.1946756e-02   3.7501836e+00  -8.4181536e-02  -8.1946756e-02
   4.6510000e+02   3.7503544e+00  -8.2625212e-02  -8.3245864e-02   3.7503544e+00  -8.2625212e-02  -8.3245864e-02
   4.6520000e+02   3.7505261e+00  -8.0885064e-02  -8.4434940e-02   3.7505261e+00  -8.0885064e-02  -8.4434940e-02
   4.6530000e+02   3.7506992e+00  -7.8962180e-02  -8.5516860e-02   3.7506992e+00  -7.8962180e-02  -8.5516860e-02
   4.6540000e+02   3.7508739e+00  -7.6859900e-02  -8.6494056e-02   3.7508739e+00  -7.6859900e-02  -8.6494056e-02
   4.6550000e+02   3.7510506e+00  -7.4583736e-02  -8.7368336e-02   3.7510506e+00  -7.4583736e-02  -8.7368336e-02
   4.6560000e+02   3.7512294e+00  -7.2141208e-02  -8.8140760e-02   3.7512294e+00  -7.2141208e-02  -8.8140760e-02
   4.6570000e+02   3.7514105e+00  -6.9541772e-02  -8.8811520e-02   3.7514105e+00  -6.9541772e-02  -8.8811520e-02
   4.6580000e+02   3.7515938e+00  -6.6796784e-02  -8.9379844e-02   3.7515938e+00  -6.6796784e-02  -8.9379844e-02
   4.6590000e+02   3.7517790e+00  -6.3919540e-02  -8.9843940e-02   3.7517790e+00  -6.3919540e-02  -8.9843940e-02
   4.6600000e+02   3.7519656e+00  -6.0925268e-02  -9.0201016e-02   3.7519656e+00  -6.0925268e-02  -9.0201016e-02
   4.6610000e+02   3.7521528e+00  -5.7831012e-02  -9.0447380e-02   3.7521528e+00  -5.7831012e-02  -9.0447380e-02
   4.6620000e+02   3.7523395e+00  -5.4655584e-02  -9.0578624e-02   3.7523395e+00  -5.4655584e-02  -9.0578624e-02
   4.6630000e+02   3.7525244e+00  -5.1419700e-02  -9.0589664e-02   3.7525244e+00  -5.1419700e-02  -9.0589664e-02
   4.6640000e+02   3.7527061e+00  -4.8146184e-02  -9.0474772e-02   3.7527061e+00  -4.8146184e-02  -9.0474772e-02
   4.6650000e+02   3.7528830e+00  -4.4860072e-02  -9.0227520e-02   3.7528830e+00  -4.4860072e-02  -9.0227520e-02
   4.6660000e+02   3.7530535e+00  -4.1588332e-02  -8.9840836e-02   3.7530535e+00  -4.1588332e-02  -8.9840836e-02
   4.6670000e+02   3.7532158e+00  -3.8359221e-02  -8.9307172e-02   3.7532158e+00  -3.8359221e-02  -8.9307172e-02
   4.6680000e+02   3.7533681e+00  -3.5201540e-02  -8.8618860e-02   3.7533681e+00  -3.5201540e-02  -8.8618860e-02
   4.6690000e+02   3.7535087e+00  -3.2143892e-02  -8.7768480e-02   3.7535087e+00  -3.2143892e-02  -8.7768480e-02
   4.6700000e+02   3.7536356e+00  -2.9214120e-02  -8.6749228e-02   3.7536356e+00  -2.9214120e-02  -8.6749228e-02
   4.6710000e+02   3.7537472e+00  -2.6438900e-02  -8.5555160e-02   3.7537472e+00  -2.6438900e-02  -8.5555160e-02
   4.6720000e+02   3.7538415e+00  -2.3843526e-02  -8.4181536e-02   3.7538415e+00  -2.3843526e-02  -8.4181536e-02
   4.6730000e+02   3.7539169e+00  -2.1451795e-02  -8.2625212e-02   3.7539169e+00  -2.1451795e-02  -8.2625212e-02
   4.6740000e+02   3.7539718e+00  -1.9285950e-02  -8.0885064e-02   3.7539718e+00  -1.9285950e-02  -8.0885064e-02
   4.6750000e+02   3.7540043e+00  -1.7366563e-02  -7.8962180e-02   3.7540043e+00  -1.7366563e-02  -7.8962180e-02
   4.6760000e+02   3.7540130e+00  -1.5712334e-02  -7.6859900e-02   3.7540130e+00  -1.5712334e-02  -7.6859900e-02
   4.6770000e+02   3.7539967e+00  -1.4339678e-02  -7.4583736e-02   3.7539967e+00  -1.4339678e-02  -7.4583736e-02
   4.6780000e+02   3.7539543e+00  -1.3262108e-02  -7.2141208e-02   3.7539543e+00  -1.3262108e-02  -7.2141208e-02
   4.6790000e+02   3.7538850e+00  -1.2489574e-02  -6.9541772e-02   3.7538850e+00  -1.2489574e-02  -6.9541772e-02
   4.6800000e+02   3.7537885e+00  -1.2028004e-02  -6.6796784e-02   3.7537885e+00  -1.2028004e-02  -6.6796784e-02
   4.6810000e+02   3.7536647e+00  -1.1879226e-02  -6.3919540e-02   3.7536647e+00  -1.1879226e-02  -6.3919540e-02
   4.6820000e+02   3.7535138e+00  -1.2041302e-02  -6.0925268e-02   3.7535138e+00  -1.2041302e-02  -6.0925268e-02
   4.6830000e+02   3.7533364e+00  -1.2509079e-02  -5.7831012e-02   3.7533364e+00  -1.2509079e-02  -5.7831012e-02
   4.6840000e+02   3.7531336e+00  -1.3274746e-02  -5.4655584e-02   3.7531336e+00  -1.3274746e-02  -5.4655584e-02
   4.6850000e+02   3.7529065e+00  -1.4328166e-02  -5.1419700e-02   3.7529065e+00  -1.4328166e-02  -5.1419700e-02
   4.6860000e+02   3.7526571e+00  -1.5656901e-02  -4.8146184e-02   3.7526571e+00  -1.5656901e-02  -4.8146184e-02
   4.6870000e+02   3.7523873e+00  -1.7246038e-02  -4.4860072e-02   3.7523873e+00  -1.7246038e-02  -4.4860072e-02
   4.6880000e+02   3.7520997e+00  -1.9078014e-02  -4.1588332e-02   3.7520997e+00  -1.9078014e-02  -4.1588332e-02
   4.6890000e+02   3.7517968e+00  -2.1132652e-02  -3.8359221e-02   3.7517968e+00  -2.1132652e-02  -3.8359221e-02
   4.6900000e+02   3.7514816e+00  -2.3387478e-02  -3.5201540e-02   3.7514816e+00  -2.3387478e-02  -3.5201540e-02
   4.6910000e+02   3.7511570e+00  -2.5818268e-02  -3.2143892e-02   3.7511570e+00  -2.5818268e-02  -3.2143892e-02
   4.6920000e+02   3.7508260e+00  -2.8399716e-02  -2.9214120e-02   3.7508260e+00  -2.8399716e-02  -2.9214120e-02
   4.6930000e+02   3.7504918e+00  -3.1106101e-02  -2.6438900e-02   3.7504918e+00  -3.1106101e-02  -2.6438900e-02
   4.6940000e+02   3.7501575e+00  -3.3911849e-02  -2.3843526e-02   3.7501575e+00  -3.3911849e-02  -2.3843526e-02
   4.6950000e+02   3.7498263e+00  -3.6791978e-02  -2.1451795e-02   3.7498263e+00  -3.6791978e-02  -2.1451795e-02
   4.6960000e+02   3.7495010e+00  -3.9722367e-02  -1.9285950e-02   3.7495010e+00  -3.9722367e-02  -1.9285950e-02
   4.6970000e+02   3.7491846e+00  -4.2679868e-02  -1.7366563e-02   3.7491846e+00  -4.2679868e-02  -1.7366563e-02
   4.6980000e+02   3.7488795e+00  -4.5642324e-02  -1.5712334e-02   3.7488795e+00  -4.5642324e-02  -1.5712334e-02
   4.6990000e+02   3.7485883e+00  -4.8588648e-02  -1.4339678e-02   3.7485883e+00  -4.8588648e-02  -1.4339678e-02
   4.7000000e+02   3.7483129e+00  -5.1499028e-02  -1.3262108e-02   3.7483129e+00  -5.1499028e-02  -1.3262108e-02
   4.7010000e+02   3.7480553e+00  -5.4355248e-02  -1.2489574e-02   3.7480553e+00  -5.4355248e-02  -1.2489574e-02
   4.7020000e+02   3.7478168e+00  -5.7140992e-02  -1.2028004e-02   3.7478168e+00  -5.7140992e-02  -1.2028004e-02
   4.7030000e+02   3.7475990e+00  -5.9842064e-02  -1.1879226e-02   3.7475990e+00  -5.9842064e-02  -1.1879226e-02
   4.7040000e+02   3.7474027e+00  -6.2446484e-02  -1.2041302e-02   3.7474027e+00  -6.2446484e-02  -1.2041302e-02
   4.7050000e+02   3.7472288e+00  -6.4944480e-02  -1.2509079e-02   3.7472288e+00  -6.4944480e-02  -1.2509079e-02
   4.7060000e+02   3.7470776e+00  -6.7328480e-02  -1.3274746e-02   3.7470776e+00  -6.7328480e-02  -1.3274746e-02
   4.7070000e+02   3.7469495e+00  -6.9593016e-02  -1.4328166e-02   3.7469495e+00  -6.9593016e-02  -1.4328166e-02
   4.7080000e+02   3.7468443e+00  -7.1734584e-02  -1.5656901e-02   3.7468443e+00  -7.1734584e-02  -1.5656901e-02
   4.7090000e+02   3.7467617e+00  -7.3751440e-02  -1.7246038e-02   3.7467617e+00  -7.3751440e-02  -1.7246038e-02
   4.7100000e+02   3.7467013e+00  -7.5643336e-02  -1.9078014e-02   3.7467013e+00  -7.5643336e-02  -1.9078014e-02
   4.7110000e+02   3.7466623e+00  -7.7411280e-02  -2.1132652e-02   3.7466623e+00  -7.7411280e-02  -2.1132652e-02
   4.7120000e+02   3.7466442e+00  -7.9057228e-02  -2.3387478e-02   3.7466442e+00  -7.9057228e-02  -2.3387478e-02
   4.7130000e+02   3.7466458e+00  -8.0583796e-02  -2.5818268e-02   3.7466458e+00  -8.0583796e-02  -2.5818268e-02
   4.7140000e+02   3.7466666e+00  -8.1994000e-02  -2.8399716e-02   3.7466666e+00  -8.1994000e-02  -2.8399716e-02
   4.7150000e+02   3.7467052e+00  -8.3291020e-02  -3.1106101e-02   3.7467052e+00  -8.3291020e-02  -3.1106101e-02
   4.7160000e+02   3.7467607e+00  -8.4477996e-02  -3.3911849e-02   3.7467607e+00  -8.4477996e-02  -3.3911849e-02
   4.7170000e+02   3.7468318e+00  -8.5557824e-02  -3.6791978e-02   3.7468318e+00  -8.5557824e-02  -3.6791978e-02
   4.7180000e+02   3.7469172e+00  -8.6532964e-02  -3.9722367e-02   3.7469172e+00  -8.6532964e-02  -3.9722367e-02
   4.7190000e+02   3.7470156e+00  -8.7405272e-02  -4.2679868e-02   3.7470156e+00  -8.7405272e-02  -4.2679868e-02
   4.7200000e+02   3.7471257e+00  -8.8175856e-02  -4.5642324e-02   3.7471257e+00  -8.8175856e-02  -4.5642324e-02
   4.7210000e+02   3.7472462e+00  -8.8844980e-02  -4.8588648e-02   3.7472462e+00  -8.8844980e-02  -4.8588648e-02
   4.7220000e+02   3.7473760e+00  -8.9411956e-02  -5.1499028e-02   3.7473760e+00  -8.9411956e-02  -5.1499028e-02
   4.7230000e+02   3.7475139e+00  -8.9875080e-02  -5.4355248e-02   3.7475139e+00  -8.9875080e-02  -5.4355248e-02
   4.7240000e+02   3.7476589e+00  -9.0231656e-02  -5.7140992e-02   3.7476589e+00  -9.0231656e-02  -5.7140992e-02
   4.7250000e+02   3.7478102e+00  -9.0478092e-02  -5.9842064e-02   3.7478102e+00  -9.0478092e-02  -5.9842064e-02
   4.7260000e+02   3.7479668e+00  -9.0610076e-02  -6.2446484e-02   3.7479668e+00  -9.0610076e-02  -6.2446484e-02
   4.7270000e+02   3.7481279e+00  -9.0622628e-02  -6.4944480e-02   3.7481279e+00  -9.0622628e-02  -6.4944480e-02
   4.7280000e+02   3.7482927e+00  -9.0510104e-02  -6.7328480e-02   3.7482927e+00  -9.0510104e-02  -6.7328480e-02
   4.7290000e+02   3.7484605e+00  -9.0266160e-02  -6.9593016e-02   3.7484605e+00  -9.0266160e-02  -6.9593016e-02
   4.7300000e+02   3.7486306e+00  -8.9883792e-02  -7.1734584e-02   3.7486306e+00  -8.9883792e-02  -7.1734584e-02
   4.7310000e+02   3.7488024e+00  -8.9355528e-02  -7.3751440e-02   3.7488024e+00  -8.9355528e-02  -7.3751440e-02
   4.7320000e+02   3.7489754e+00  -8.8673736e-02  -7.5643336e-02   3.7489754e+00  -8.8673736e-02  -7.5643336e-02
   4.7330000e+02   3.7491493e+00  -8.7831036e-02  -7.7411280e-02   3.7491493e+00  -8.7831036e-02  -7.7411280e-02
   4.7340000e+02   3.7493241e+00  -8.6820636e-02  -7.9057228e-02   3.7493241e+00  -8.6820636e-02  -7.9057228e-02
   4.7350000e+02   3.7494997e+00  -8.5636580e-02  -8.0583796e-02   3.7494997e+00  -8.5636580e-02  -8.0583796e-02
   4.7360000e+02   3.7496762e+00  -8.4274088e-02  -8.1994000e-02   3.7496762e+00  -8.4274088e-02  -8.1994000e-02
   4.7370000e+02   3.7498538e+00  -8.2729956e-02  -8.3291020e-02   3.7498538e+00  -8.2729956e-02  -8.3291020e-02
   4.7380000e+02   3.7500327e+00  -8.1002976e-02  -8.4477996e-02   3.7500327e+00  -8.1002976e-02  -8.4477996e-02
   4.7390000e+02   3.7502132e+00  -7.9094128e-02  -8.5557824e-02   3.7502132e+00  -7.9094128e-02  -8.5557824e-02
   4.7400000e+02   3.7503955e+00  -7.7006632e-02  -8.6532964e-02   3.7503955e+00  -7.7006632e-02  -8.6532964e-02
   4.7410000e+02   3.7505799e+00  -7.4745864e-02  -8.7405272e-02   3.7505799e+00  -7.4745864e-02  -8.7405272e-02
   4.7420000e+02   3.7507664e+00  -7.2319204e-02  -8.8175856e-02   3.7507664e+00  -7.2319204e-02  -8.8175856e-02
   4.7430000e+02   3.7509552e+00  -6.9735956e-02  -8.8844980e-02   3.7509552e+00  -6.9735956e-02  -8.8844980e-02
   4.7440000e+02   3.7511461e+00  -6.7007308e-02  -8.9411956e-02   3.7511461e+00  -6.7007308e-02  -8.9411956e-02
   4.7450000e+02   3.7513388e+00  -6.4146392e-02  -8.9875080e-02   3.7513388e+00  -6.4146392e-02  -8.9875080e-02
   4.7460000e+02   3.7515327e+00  -6.1168248e-02  -9.0231656e-02   3.7515327e+00  -6.1168248e-02  -9.0231656e-02
   4.7470000e+02   3.7517270e+00  -5.8089740e-02  -9.0478092e-02   3.7517270e+00  -5.8089740e-02  -9.0478092e-02
   4.7480000e+02   3.7519204e+00  -5.4929488e-02  -9.0610076e-02   3.7519204e+00  -5.4929488e-02  -9.0610076e-02
   4.7490000e+02   3.7521117e+00  -5.1708000e-02  -9.0622628e-02   3.7521117e+00  -5.1708000e-02  -9.0622628e-02
   4.7500000e+02   3.7522996e+00  -4.8447904e-02  -9.0510104e-02   3.7522996e+00  -4.8447904e-02  -9.0510104e-02
   4.7510000e+02   3.7524823e+00  -4.5174004e-02  -9.0266160e-02   3.7524823e+00  -4.5174004e-02  -9.0266160e-02
   4.7520000e+02   3.7526583e+00  -4.1913056e-02  -8.9883792e-02   3.7526583e+00  -4.1913056e-02  -8.9883792e-02
   4.7530000e+02   3.7528258e+00  -3.8693127e-02  -8.9355528e-02   3.7528258e+00  -3.8693127e-02  -8.9355528e-02
   4.7540000e+02   3.7529830e+00  -3.5542836e-02  -8.8673736e-02   3.7529830e+00  -3.5542836e-02  -8.8673736e-02
   4.7550000e+02   3.7531280e+00  -3.2490641e-02  -8.7831036e-02   3.7531280e+00  -3.2490641e-02  -8.7831036e-02
   4.7560000e+02   3.7532591e+00  -2.9564266e-02  -8.6820636e-02   3.7532591e+00  -2.9564266e-02  -8.6820636e-02
   4.7570000e+02   3.7533745e+00  -2.6790290e-02  -8.5636580e-02   3.7533745e+00  -2.6790290e-02  -8.5636580e-02
   4.7580000e+02   3.7534724e+00  -2.4193924e-02  -8.4274088e-02   3.7534724e+00  -2.4193924e-02  -8.4274088e-02
   4.7590000e+02   3.7535512e+00  -2.1798907e-02  -8.2729956e-02   3.7535512e+00  -2.1798907e-02  -8.2729956e-02
   4.7600000e+02   3.7536091e+00  -1.9627439e-02  -8.1002976e-02   3.7536091e+00  -1.9627439e-02  -8.1002976e-02
   4.7610000e+02   3.7536445e+00  -1.7700082e-02  -7.9094128e-02   3.7536445e+00  -1.7700082e-02  -7.9094128e-02
   4.7620000e+02   3.7536559e+00  -1.6035551e-02  -7.7006632e-02   3.7536559e+00  -1.6035551e-02  -7.7006632e-02
   4.7630000e+02   3.7536420e+00  -1.4650316e-02  -7.4745864e-02   3.7536420e+00  -1.4650316e-02  -7.4745864e-02
   4.7640000e+02   3.7536019e+00  -1.3557988e-02  -7.2319204e-02   3.7536019e+00  -1.3557988e-02  -7.2319204e-02
   4.7650000e+02   3.7535348e+00  -1.2768655e-02  -6.9735956e-02   3.7535348e+00  -1.2768655e-02  -6.9735956e-02
   4.7660000e+02   3.7534404e+00  -1.2288411e-02  -6.7007308e-02   3.7534404e+00  -1.2288411e-02  -6.7007308e-02
   4.7670000e+02   3.7533186e+00  -1.2119278e-02  -6.4146392e-02   3.7533186e+00  -1.2119278e-02  -6.4146392e-02
   4.7680000e+02   3.7531696e+00  -1.2259516e-02  -6.1168248e-02   3.7531696e+00  -1.2259516e-02  -6.1168248e-02
   4.7690000e+02   3.7529941e+00  -1.2704184e-02  -5.8089740e-02   3.7529941e+00  -1.2704184e-02  -5.8089740e-02
   4.7700000e+02   3.7527930e+00  -1.3445686e-02  -5.4929488e-02   3.7527930e+00  -1.3445686e-02  -5.4929488e-02
   4.7710000e+02   3.7525676e+00  -1.4474115e-02  -5.1708000e-02   3.7525676e+00  -1.4474115e-02  -5.1708000e-02
   4.7720000e+02   3.7523198e+00  -1.5777275e-02  -4.8447904e-02   3.7523198e+00  -1.5777275e-02  -4.8447904e-02
   4.7730000e+02   3.7520515e+00  -1.7340507e-02  -4.5174004e-02   3.7520515e+00  -1.7340507e-02  -4.5174004e-02
   4.7740000e+02   3.7517653e+00  -1.9146507e-02  -4.1913056e-02   3.7517653e+00  -1.9146507e-02  -4.1913056e-02
   4.7750000e+02   3.7514637e+00  -2.1175354e-02  -3.8693127e-02   3.7514637e+00  -2.1175354e-02  -3.8693127e-02
   4.7760000e+02   3.7511497e+00  -2.3404816e-02  -3.5542836e-02   3.7511497e+00  -2.3404816e-02  -3.5542836e-02
   4.7770000e+02   3.7508261e+00  -2.5810900e-02  -3.2490641e-02   3.7508261e+00  -2.5810900e-02  -3.2490641e-02
   4.7780000e+02   3.7504960e+00  -2.8368513e-02  -2.9564266e-02   3.7504960e+00  -2.8368513e-02  -2.9564266e-02
   4.7790000e+02   3.7501626e+00  -3.1052126e-02  -2.6790290e-02   3.7501626e+00  -3.1052126e-02  -2.6790290e-02
   4.7800000e+02   3.7498288e+00  -3.3836336e-02  -2.4193924e-02   3.7498288e+00  -3.3836336e-02  -2.4193924e-02
   4.7810000e+02   3.7494979e+00  -3.6696314e-02  -2.1798907e-02   3.7494979e+00  -3.6696314e-02  -2.1798907e-02
   4.7820000e+02   3.7491728e+00  -3.9608068e-02  -1.9627439e-02   3.7491728e+00  -3.9608068e-02  -1.9627439e-02
   4.7830000e+02   3.7488562e+00  -4.2548556e-02  -1.7700082e-02   3.7488562e+00  -4.2548556e-02  -1.7700082e-02
   4.7840000e+02   3.7485509e+00  -4.5495716e-02  -1.6035551e-02   3.7485509e+00  -4.5495716e-02  -1.6035551e-02
   4.7850000e+02   3.7482592e+00  -4.8428520e-02  -1.4650316e-02   3.7482592e+00  -4.8428520e-02  -1.4650316e-02
   4.7860000e+02   3.7479830e+00  -5.1327196e-02  -1.3557988e-02   3.7479830e+00  -5.1327196e-02  -1.3557988e-02
   4.7870000e+02   3.7477244e+00  -5.4173536e-02  -1.2768655e-02   3.7477244e+00  -5.4173536e-02  -1.2768655e-02
   4.7880000e+02   3.7474848e+00  -5.6951208e-02  -1.2288411e-02   3.7474848e+00  -5.6951208e-02  -1.2288411e-02
   4.7890000e+02   3.7472655e+00  -5.9645988e-02  -1.2119278e-02   3.7472655e+00  -5.9645988e-02  -1.2119278e-02
   4.7900000e+02   3.7470677e+00  -6.2245836e-02  -1.2259516e-02   3.7470677e+00  -6.2245836e-02  -1.2259516e-02
   4.7910000e+02   3.7468920e+00  -6.4740924e-02  -1.2704184e-02   3.7468920e+00  -6.4740924e-02  -1.2704184e-02
   4.7920000e+02   3.7467389e+00  -6.7123604e-02  -1.3445686e-02   3.7467389e+00  -6.7123604e-02  -1.3445686e-02
   4.7930000e+02   3.7466088e+00  -6.9388332e-02  -1.4474115e-02   3.7466088e+00  -6.9388332e-02  -1.4474115e-02
   4.7940000e+02   3.7465014e+00  -7.1531528e-02  -1.5777275e-02   3.7465014e+00  -7.1531528e-02  -1.5777275e-02
   4.7950000e+02   3.7464166e+00  -7.3551364e-02  -1.7340507e-02   3.7464166e+00  -7.3551364e-02  -1.7340507e-02
   4.7960000e+02   3.7463539e+00  -7.5447532e-02  -1.9146507e-02   3.7463539e+00  -7.5447532e-02  -1.9146507e-02
   4.7970000e+02   3.7463127e+00  -7.7220960e-02  -2.1175354e-02   3.7463127e+00  -7.7220960e-02  -2.1175354e-02
   4.7980000e+02   3.7462923e+00  -7.8873544e-02  -2.3404816e-02   3.7462923e+00  -7.8873544e-02  -2.3404816e-02
   4.7990000e+02   3.7462918e+00  -8.0407852e-02  -2.5810900e-02   3.7462918e+00  -8.0407852e-02  -2.5810900e-02
   4.8000000e+02   3.7463105e+00  -8.1826840e-02  -2.8368513e-02   3.7463105e+00  -8.1826840e-02  -2.8368513e-02
   4.8010000e+02   3.7463472e+00  -8.3133660e-02  -3.1052126e-02   3.7463472e+00  -8.3133660e-02  -3.1052126e-02
   4.8020000e+02   3.7464010e+00  -8.4331412e-02  -3.3836336e-02   3.7464010e+00  -8.4331412e-02  -3.3836336e-02
   4.8030000e+02   3.7464706e+00  -8.5422984e-02  -3.6696314e-02   3.7464706e+00  -8.5422984e-02  -3.6696314e-02
   4.8040000e+02   3.7465548e+00  -8.6410820e-02  -3.9608068e-02   3.7465548e+00  -8.6410820e-02  -3.9608068e-02
   4.8050000e+02   3.7466522e+00  -8.7296780e-02  -4.2548556e-02   3.7466522e+00  -8.7296780e-02  -4.2548556e-02
   4.8060000e+02   3.7467617e+00  -8.8081984e-02  -4.5495716e-02   3.7467617e+00  -8.8081984e-02  -4.5495716e-02
   4.8070000e+02   3.7468819e+00  -8.8766716e-02  -4.8428520e-02   3.7468819e+00  -8.8766716e-02  -4.8428520e-02
   4.8080000e+02   3.7470117e+00  -8.9350320e-02  -5.1327196e-02   3.7470117e+00  -8.9350320e-02  -5.1327196e-02
   4.8090000e+02   3.7471501e+00  -8.9831124e-02  -5.4173536e-02   3.7471501e+00  -8.9831124e-02  -5.4173536e-02
   4.8100000e+02   3.7472960e+00  -9.0206460e-02  -5.6951208e-02   3.7472960e+00  -9.0206460e-02  -5.6951208e-02
   4.8110000e+02   3.7474486e+00  -9.0472768e-02  -5.9645988e-02   3.7474486e+00  -9.0472768e-02  -5.9645988e-02
   4.8120000e+02   3.7476069e+00  -9.0625756e-02  -6.2245836e-02   3.7476069e+00  -9.0625756e-02  -6.2245836e-02
   4.8130000e+02   3.7477702e+00  -9.0660456e-02  -6.4740924e-02   3.7477702e+00  -9.0660456e-02  -6.4740924e-02
   4.8140000e+02   3.7479376e+00  -9.0571228e-02  -6.7123604e-02   3.7479376e+00  -9.0571228e-02  -6.7123604e-02
   4.8150000e+02   3.7481084e+00  -9.0351724e-02  -6.9388332e-02   3.7481084e+00  -9.0351724e-02  -6.9388332e-02
   4.8160000e+02   3.7482818e+00  -8.9994916e-02  -7.1531528e-02   3.7482818e+00  -8.9994916e-02  -7.1531528e-02
   4.8170000e+02   3.7484573e+00  -8.9493280e-02  -7.3551364e-02   3.7484573e+00  -8.9493280e-02  -7.3551364e-02
   4.8180000e+02   3.7486344e+00  -8.8839132e-02  -7.5447532e-02   3.7486344e+00  -8.8839132e-02  -7.5447532e-02
   4.8190000e+02   3.7488128e+00  -8.8025000e-02  -7.7220960e-02   3.7488128e+00  -8.8025000e-02  -7.7220960e-02
   4.8200000e+02   3.7489923e+00  -8.7043980e-02  -7.8873544e-02   3.7489923e+00  -8.7043980e-02  -7.8873544e-02
   4.8210000e+02   3.7491728e+00  -8.5889980e-02  -8.0407852e-02   3.7491728e+00  -8.5889980e-02  -8.0407852e-02
   4.8220000e+02   3.7493544e+00  -8.4558048e-02  -8.1826840e-02   3.7493544e+00  -8.4558048e-02  -8.1826840e-02
   4.8230000e+02   3.7495374e+00  -8.3044800e-02  -8.3133660e-02   3.7495374e+00  -8.3044800e-02  -8.3133660e-02
   4.8240000e+02   3.7497218e+00  -8.1348796e-02  -8.4331412e-02   3.7497218e+00  -8.1348796e-02  -8.4331412e-02
   4.8250000e+02   3.7499078e+00  -7.9470780e-02  -8.5422984e-02   3.7499078e+00  -7.9470780e-02  -8.5422984e-02
   4.8260000e+02   3.7500957e+00  -7.7413728e-02  -8.6410820e-02   3.7500957e+00  -7.7413728e-02  -8.6410820e-02
   4.8270000e+02   3.7502857e+00  -7.5182744e-02  -8.7296780e-02   3.7502857e+00  -7.5182744e-02  -8.7296780e-02
   4.8280000e+02   3.7504778e+00  -7.2784960e-02  -8.8081984e-02   3.7504778e+00  -7.2784960e-02  -8.8081984e-02
   4.8290000e+02   3.7506721e+00  -7.0229400e-02  -8.8766716e-02   3.7506721e+00  -7.0229400e-02  -8.8766716e-02
   4.8300000e+02   3.7508685e+00  -6.7526972e-02  -8.9350320e-02   3.7508685e+00  -6.7526972e-02  -8.9350320e-02
   4.8310000e+02   3.7510666e+00  -6.4690532e-02  -8.9831124e-02   3.7510666e+00  -6.4690532e-02  -8.9831124e-02
   4.8320000e+02   3.7512656e+00  -6.1734844e-02  -9.0206460e-02   3.7512656e+00  -6.1734844e-02  -9.0206460e-02
   4.8330000e+02   3.7514650e+00  -5.8676492e-02  -9.0472768e-02   3.7514650e+00  -5.8676492e-02  -9.0472768e-02
   4.8340000e+02   3.7516633e+00  -5.5533836e-02  -9.0625756e-02   3.7516633e+00  -5.5533836e-02  -9.0625756e-02
   4.8350000e+02   3.7518594e+00  -5.2327120e-02  -9.0660456e-02   3.7518594e+00  -5.2327120e-02  -9.0660456e-02
   4.8360000e+02   3.7520519e+00  -4.9078704e-02  -9.0571228e-02   3.7520519e+00  -4.9078704e-02  -9.0571228e-02
   4.8370000e+02   3.7522391e+00  -4.5813152e-02  -9.0351724e-02   3.7522391e+00  -4.5813152e-02  -9.0351724e-02
   4.8380000e+02   3.7524194e+00  -4.2556992e-02  -8.9994916e-02   3.7524194e+00  -4.2556992e-02  -8.9994916e-02
   4.8390000e+02   3.7525909e+00  -3.9338110e-02  -8.9493280e-02   3.7525909e+00  -3.9338110e-02  -8.9493280e-02
   4.8400000e+02   3.7527520e+00  -3.6184988e-02  -8.8839132e-02   3.7527520e+00  -3.6184988e-02  -8.8839132e-02
   4.8410000e+02   3.7529009e+00  -3.3126002e-02  -8.8025000e-02   3.7529009e+00  -3.3126002e-02  -8.8025000e-02
   4.8420000e+02   3.7530356e+00  -3.0188838e-02  -8.7043980e-02   3.7530356e+00  -3.0188838e-02  -8.7043980e-02
   4.8430000e+02   3.7531546e+00  -2.7400084e-02  -8.5889980e-02   3.7531546e+00  -2.7400084e-02  -8.5889980e-02
   4.8440000e+02   3.7532559e+00  -2.4785001e-02  -8.4558048e-02   3.7532559e+00  -2.4785001e-02  -8.4558048e-02
   4.8450000e+02   3.7533380e+00  -2.2367420e-02  -8.3044800e-02   3.7533380e+00  -2.2367420e-02  -8.3044800e-02
   4.8460000e+02   3.7533991e+00  -2.0169666e-02  -8.1348796e-02   3.7533991e+00  -2.0169666e-02  -8.1348796e-02
   4.8470000e+02   3.7534376e+00  -1.8212471e-02  -7.9470780e-02   3.7534376e+00  -1.8212471e-02  -7.9470780e-02
   4.8480000e+02   3.7534521e+00  -1.6514761e-02  -7.7413728e-02   3.7534521e+00  -1.6514761e-02  -7.7413728e-02
   4.8490000e+02   3.7534412e+00  -1.5093266e-02  -7.5182744e-02   3.7534412e+00  -1.5093266e-02  -7.5182744e-02
   4.8500000e+02   3.7534041e+00  -1.3961908e-02  -7.2784960e-02   3.7534041e+00  -1.3961908e-02  -7.2784960e-02
   4.8510000e+02   3.7533400e+00  -1.3131134e-02  -7.0229400e-02   3.7533400e+00  -1.3131134e-02  -7.0229400e-02
   4.8520000e+02   3.7532485e+00  -1.2607430e-02  -6.7526972e-02   3.7532485e+00  -1.2607430e-02  -6.7526972e-02
   4.8530000e+02   3.7531296e+00  -1.2393226e-02  -6.4690532e-02   3.7531296e+00  -1.2393226e-02  -6.4690532e-02
   4.8540000e+02   3.7529835e+00  -1.2487193e-02  -6.1734844e-02   3.7529835e+00  -1.2487193e-02  -6.1734844e-02
   4.8550000e+02   3.7528108e+00  -1.2884788e-02  -5.8676492e-02   3.7528108e+00  -1.2884788e-02  -5.8676492e-02
   4.8560000e+02   3.7526126e+00  -1.3578813e-02  -5.5533836e-02   3.7526126e+00  -1.3578813e-02  -5.5533836e-02
   4.8570000e+02   3.7523900e+00  -1.4559749e-02  -5.2327120e-02   3.7523900e+00  -1.4559749e-02  -5.2327120e-02
   4.8580000e+02   3.7521450e+00  -1.5815797e-02  -4.9078704e-02   3.7521450e+00  -1.5815797e-02  -4.9078704e-02
   4.8590000e+02   3.7518795e+00  -1.7332690e-02  -4.5813152e-02   3.7518795e+00  -1.7332690e-02  -4.5813152e-02
   4.8600000e+02   3.7515959e+00  -1.9093509e-02  -4.2556992e-02   3.7515959e+00  -1.9093509e-02  -4.2556992e-02
   4.8610000e+02   3.7512970e+00  -2.1078697e-02  -3.9338110e-02   3.7512970e+00  -2.1078697e-02  -3.9338110e-02
   4.8620000e+02   3.7509855e+00  -2.3266352e-02  -3.6184988e-02   3.7509855e+00  -2.3266352e-02  -3.6184988e-02
   4.8630000e+02   3.7506644e+00  -2.5632769e-02  -3.3126002e-02   3.7506644e+00  -2.5632769e-02  -3.3126002e-02
   4.8640000e+02   3.7503368e+00  -2.8153105e-02  -3.0188838e-02   3.7503368e+00  -2.8153105e-02  -3.0188838e-02
   4.8650000e+02   3.7500056e+00  -3.0802033e-02  -2.7400084e-02   3.7500056e+00  -3.0802033e-02  -2.7400084e-02
   4.8660000e+02   3.7496742e+00  -3.3554317e-02  -2.4785001e-02   3.7496742e+00  -3.3554317e-02  -2.4785001e-02
   4.8670000e+02   3.7493454e+00  -3.6385252e-02  -2.2367420e-02   3.7493454e+00  -3.6385252e-02  -2.2367420e-02
   4.8680000e+02   3.7490223e+00  -3.9270942e-02  -2.0169666e-02   3.7490223e+00  -3.9270942e-02  -2.0169666e-02
   4.8690000e+02   3.7487078e+00  -4.2188412e-02  -1.8212471e-02   3.7487078e+00  -4.2188412e-02  -1.8212471e-02
   4.8700000e+02   3.7484044e+00  -4.5115640e-02  -1.6514761e-02   3.7484044e+00  -4.5115640e-02  -1.6514761e-02
   4.8710000e+02   3.7481144e+00  -4.8031604e-02  -1.5093266e-02   3.7481144e+00  -4.8031604e-02  -1.5093266e-02
   4.8720000e+02   3.7478401e+00  -5.0916520e-02  -1.3961908e-02   3.7478401e+00  -5.0916520e-02  -1.3961908e-02
   4.8730000e+02   3.7475832e+00  -5.3752116e-02  -1.3131134e-02   3.7475832e+00  -5.3752116e-02  -1.3131134e-02
   4.8740000e+02   3.7473452e+00  -5.6521988e-02  -1.2607430e-02   3.7473452e+00  -5.6521988e-02  -1.2607430e-02
   4.8750000e+02   3.7471277e+00  -5.9211796e-02  -1.2393226e-02   3.7471277e+00  -5.9211796e-02  -1.2393226e-02
   4.8760000e+02   3.7469314e+00  -6.1809384e-02  -1.2487193e-02   3.7469314e+00  -6.1809384e-02  -1.2487193e-02
   4.8770000e+02   3.7467574e+00  -6.4304796e-02  -1.2884788e-02   3.7467574e+00  -6.4304796e-02  -1.2884788e-02
   4.8780000e+02   3.7466060e+00  -6.6690248e-02  -1.3578813e-02   3.7466060e+00  -6.6690248e-02  -1.3578813e-02
   4.8790000e+02   3.7464775e+00  -6.8960064e-02  -1.4559749e-02   3.7464775e+00  -6.8960064e-02  -1.4559749e-02
   4.8800000e+02   3.7463719e+00  -7.1110528e-02  -1.5815797e-02   3.7463719e+00  -7.1110528e-02  -1.5815797e-02
   4.8810000e+02   3.7462888e+00  -7.3139688e-02  -1.7332690e-02   3.7462888e+00  -7.3139688e-02  -1.7332690e-02
   4.8820000e+02   3.7462280e+00  -7.5047116e-02  -1.9093509e-02   3.7462280e+00  -7.5047116e-02  -1.9093509e-02
   4.8830000e+02   3.7461887e+00  -7.6833632e-02  -2.1078697e-02   3.7461887e+00  -7.6833632e-02  -2.1078697e-02
   4.8840000e+02   3.7461702e+00  -7.8501040e-02  -2.3266352e-02   3.7461702e+00  -7.8501040e-02  -2.3266352e-02
   4.8850000e+02   3.7461718e+00  -8.0051812e-02  -2.5632769e-02   3.7461718e+00  -8.0051812e-02  -2.5632769e-02
   4.8860000e+02   3.7461926e+00  -8.1488848e-02  -2.8153105e-02   3.7461926e+00  -8.1488848e-02  -2.8153105e-02
   4.8870000e+02   3.7462316e+00  -8.2815228e-02  -3.0802033e-02   3.7462316e+00  -8.2815228e-02  -3.0802033e-02
   4.8880000e+02   3.7462876e+00  -8.4034012e-02  -3.3554317e-02   3.7462876e+00  -8.4034012e-02  -3.3554317e-02
   4.8890000e+02   3.7463596e+00  -8.5148048e-02  -3.6385252e-02   3.7463596e+00  -8.5148048e-02  -3.6385252e-02
   4.8900000e+02   3.7464462e+00  -8.6159756e-02  -3.9270942e-02   3.7464462e+00  -8.6159756e-02  -3.9270942e-02
   4.8910000e+02   3.7465462e+00  -8.7070976e-02  -4.2188412e-02   3.7465462e+00  -8.7070976e-02  -4.2188412e-02
   4.8920000e+02   3.7466582e+00  -8.7882820e-02  -4.5115640e-02   3.7466582e+00  -8.7882820e-02  -4.5115640e-02
   4.8930000e+02   3.7467811e+00  -8.8595568e-02  -4.8031604e-02   3.7467811e+00  -8.8595568e-02  -4.8031604e-02
   4.8940000e+02   3.7469136e+00  -8.9208560e-02  -5.0916520e-02   3.7469136e+00  -8.9208560e-02  -5.0916520e-02
   4.8950000e+02   3.7470548e+00  -8.9720124e-02  -5.3752116e-02   3.7470548e+00  -8.9720124e-02  -5.3752116e-02
   4.8960000e+02   3.7472035e+00  -9.0127576e-02  -5.6521988e-02   3.7472035e+00  -9.0127576e-02  -5.6521988e-02
   4.8970000e+02   3.7473588e+00  -9.0427344e-02  -5.9211796e-02   3.7473588e+00  -9.0427344e-02  -5.9211796e-02
   4.8980000e+02   3.7475200e+00  -9.0615092e-02  -6.1809384e-02   3.7475200e+00  -9.0615092e-02  -6.1809384e-02
   4.8990000e+02   3.7476861e+00  -9.0685808e-02  -6.4304796e-02   3.7476861e+00  -9.0685808e-02  -6.4304796e-02
   4.9000000e+02   3.7478563e+00  -9.0633804e-02  -6.6690248e-02   3.7478563e+00  -9.0633804e-02  -6.6690248e-02
   4.9010000e+02   3.7480299e+00  -9.0452656e-02  -6.8960064e-02   3.7480299e+00  -9.0452656e-02  -6.8960064e-02
   4.9020000e+02   3.7482061e+00  -9.0135256e-02  -7.1110528e-02   3.7482061e+00  -9.0135256e-02  -7.1110528e-02
   4.9030000e+02   3.7483843e+00  -8.9673972e-02  -7.3139688e-02   3.7483843e+00  -8.9673972e-02  -7.3139688e-02
   4.9040000e+02   3.7485641e+00  -8.9060976e-02  -7.5047116e-02   3.7485641e+00  -8.9060976e-02  -7.5047116e-02
   4.9050000e+02   3.7487451e+00  -8.8288624e-02  -7.6833632e-02   3.7487451e+00  -8.8288624e-02  -7.6833632e-02
   4.9060000e+02   3.7489272e+00  -8.7349812e-02  -7.8501040e-02   3.7489272e+00  -8.7349812e-02  -7.8501040e-02
   4.9070000e+02   3.7491102e+00  -8.6238216e-02  -8.0051812e-02   3.7491102e+00  -8.6238216e-02  -8.0051812e-02
   4.9080000e+02   3.7492942e+00  -8.4948636e-02  -8.1488848e-02   3.7492942e+00  -8.4948636e-02  -8.1488848e-02
   4.9090000e+02   3.7494794e+00  -8.3477392e-02  -8.2815228e-02   3.7494794e+00  -8.3477392e-02  -8.2815228e-02
   4.9100000e+02   3.7496660e+00  -8.1822732e-02  -8.4034012e-02   3.7496660e+00  -8.1822732e-02  -8.4034012e-02
   4.9110000e+02   3.7498542e+00  -7.9985068e-02  -8.5148048e-02   3.7498542e+00  -7.9985068e-02  -8.5148048e-02
   4.9120000e+02   3.7500442e+00  -7.7967032e-02  -8.6159756e-02   3.7500442e+00  -7.7967032e-02  -8.6159756e-02
   4.9130000e+02   3.7502361e+00  -7.5773404e-02  -8.7070976e-02   3.7502361e+00  -7.5773404e-02  -8.7070976e-02
   4.9140000e+02   3.7504302e+00  -7.3410964e-02  -8.7882820e-02   3.7504302e+00  -7.3410964e-02  -8.7882820e-02
   4.9150000e+02   3.7506263e+00  -7.0888404e-02  -8.8595568e-02   3.7506263e+00  -7.0888404e-02  -8.8595568e-02
   4.9160000e+02   3.7508244e+00  -6.8216308e-02  -8.9208560e-02   3.7508244e+00  -6.8216308e-02  -8.9208560e-02
   4.9170000e+02   3.7510242e+00  -6.5407188e-02  -8.9720124e-02   3.7510242e+00  -6.5407188e-02  -8.9720124e-02
   4.9180000e+02   3.7512251e+00  -6.2475488e-02  -9.0127576e-02   3.7512251e+00  -6.2475488e-02  -9.0127576e-02
   4.9190000e+02   3.7514261e+00  -5.9437484e-02  -9.0427344e-02   3.7514261e+00  -5.9437484e-02  -9.0427344e-02
   4.9200000e+02   3.7516262e+00  -5.6311240e-02  -9.0615092e-02   3.7516262e+00  -5.6311240e-02  -9.0615092e-02
   4.9210000e+02   3.7518242e+00  -5.3116712e-02  -9.0685808e-02   3.7518242e+00  -5.3116712e-02  -9.0685808e-02
   4.9220000e+02   3.7520185e+00  -4.9875980e-02  -9.0633804e-02   3.7520185e+00  -4.9875980e-02  -9.0633804e-02
   4.9230000e+02   3.7522076e+00  -4.6613364e-02  -9.0452656e-02   3.7522076e+00  -4.6613364e-02  -9.0452656e-02
   4.9240000e+02   3.7523899e+00  -4.3355180e-02  -9.0135256e-02   3.7523899e+00  -4.3355180e-02  -9.0135256e-02
   4.9250000e+02   3.7525636e+00  -4.0129176e-02  -8.9673972e-02   3.7525636e+00  -4.0129176e-02  -8.9673972e-02
   4.9260000e+02   3.7527269e+00  -3.6963768e-02  -8.9060976e-02   3.7527269e+00  -3.6963768e-02  -8.9060976e-02
   4.9270000e+02   3.7528780e+00  -3.3887328e-02  -8.8288624e-02   3.7528780e+00  -3.3887328e-02  -8.8288624e-02
   4.9280000e+02   3.7530152e+00  -3.0927607e-02  -8.7349812e-02   3.7530152e+00  -3.0927607e-02  -8.7349812e-02
   4.9290000e+02   3.7531366e+00  -2.8111321e-02  -8.6238216e-02   3.7531366e+00  -2.8111321e-02  -8.6238216e-02
   4.9300000e+02   3.7532405e+00  -2.5463907e-02  -8.4948636e-02   3.7532405e+00  -2.5463907e-02  -8.4948636e-02
   4.9310000e+02   3.7533252e+00  -2.3009420e-02  -8.3477392e-02   3.7533252e+00  -2.3009420e-02  -8.3477392e-02
   4.9320000e+02   3.7533892e+00  -2.0770452e-02  -8.1822732e-02   3.7533892e+00  -2.0770452e-02  -8.1822732e-02
   4.9330000e+02   3.7534306e+00  -1.8768046e-02  -7.9985068e-02   3.7534306e+00  -1.8768046e-02  -7.9985068e-02
   4.9340000e+02   3.7534481e+00  -1.7021485e-02  -7.7967032e-02   3.7534481e+00  -1.7021485e-02  -7.7967032e-02
   4.9350000e+02   3.7534404e+00  -1.5547912e-02  -7.5773404e-02   3.7534404e+00  -1.5547912e-02  -7.5773404e-02
   4.9360000e+02   3.7534065e+00  -1.4361724e-02  -7.3410964e-02   3.7534065e+00  -1.4361724e-02  -7.3410964e-02
   4.9370000e+02   3.7533457e+00  -1.3473894e-02  -7.0888404e-02   3.7533457e+00  -1.3473894e-02  -7.0888404e-02
   4.9380000e+02   3.7532576e+00  -1.2891469e-02  -6.8216308e-02   3.7532576e+00  -1.2891469e-02  -6.8216308e-02
   4.9390000e+02   3.7531421e+00  -1.2617446e-02  -6.5407188e-02   3.7531421e+00  -1.2617446e-02  -6.5407188e-02
   4.9400000e+02   3.7529995e+00  -1.2651040e-02  -6.2475488e-02   3.7529995e+00  -1.2651040e-02  -6.2475488e-02
   4.9410000e+02   3.7528303e+00  -1.2988225e-02  -5.9437484e-02   3.7528303e+00  -1.2988225e-02  -5.9437484e-02
   4.9420000e+02   3.7526356e+00  -1.3622286e-02  -5.6311240e-02   3.7526356e+00  -1.3622286e-02  -5.6311240e-02
   4.9430000e+02   3.7524165e+00  -1.4544174e-02  -5.3116712e-02   3.7524165e+00  -1.4544174e-02  -5.3116712e-02
   4.9440000e+02   3.7521749e+00  -1.5742548e-02  -4.9875980e-02   3.7521749e+00  -1.5742548e-02  -4.9875980e-02
   4.9450000e+02   3.7519128e+00  -1.7203598e-02  -4.6613364e-02   3.7519128e+00  -1.7203598e-02  -4.6613364e-02
   4.9460000e+02   3.7516326e+00  -1.8910846e-02  -4.3355180e-02   3.7516326e+00  -1.8910846e-02  -4.3355180e-02
   4.9470000e+02   3.7513370e+00  -2.0845143e-02  -4.0129176e-02   3.7513370e+00  -2.0845143e-02  -4.0129176e-02
   4.9480000e+02   3.7510288e+00  -2.2984941e-02  -3.6963768e-02   3.7510288e+00  -2.2984941e-02  -3.6963768e-02
   4.9490000e+02   3.7507108e+00  -2.5306829e-02  -3.3887328e-02   3.7507108e+00  -2.5306829e-02  -3.3887328e-02
   4.9500000e+02   3.7503862e+00  -2.7786185e-02  -3.0927607e-02   3.7503862e+00  -2.7786185e-02  -3.0927607e-02
   4.9510000e+02   3.7500581e+00  -3.0397843e-02  -2.8111321e-02   3.7500581e+00  -3.0397843e-02  -2.8111321e-02
   4.9520000e+02   3.7497296e+00  -3.3116667e-02  -2.5463907e-02   3.7497296e+00  -3.3116667e-02  -2.5463907e-02
   4.9530000e+02   3.7494038e+00  -3.5918004e-02  -2.3009420e-02   3.7494038e+00  -3.5918004e-02  -2.3009420e-02
   4.9540000e+02   3.7490836e+00  -3.8777973e-02  -2.0770452e-02   3.7490836e+00  -3.8777973e-02  -2.0770452e-02
   4.9550000e+02   3.7487720e+00  -4.1673588e-02  -1.8768046e-02   3.7487720e+00  -4.1673588e-02  -1.8768046e-02
   4.9560000e+02   3.7484714e+00  -4.4582788e-02  -1.7021485e-02   3.7484714e+00  -4.4582788e-02  -1.7021485e-02
   4.9570000e+02   3.7481845e+00  -4.7484496e-02  -1.5547912e-02   3.7481845e+00  -4.7484496e-02  -1.5547912e-02
   4.9580000e+02   3.7479132e+00  -5.0358820e-02  -1.4361724e-02   3.7479132e+00  -5.0358820e-02  -1.4361724e-02
   4.9590000e+02   3.7476594e+00  -5.3187368e-02  -1.3473894e-02   3.7476594e+00  -5.3187368e-02  -1.3473894e-02
   4.9600000e+02   3.7474246e+00  -5.5953560e-02  -1.2891469e-02   3.7474246e+00  -5.5953560e-02  -1.2891469e-02
   4.9610000e+02   3.7472104e+00  -5.8642880e-02  -1.2617446e-02   3.7472104e+00  -5.8642880e-02  -1.2617446e-02
   4.9620000e+02   3.7470176e+00  -6.1242972e-02  -1.2651040e-02   3.7470176e+00  -6.1242972e-02  -1.2651040e-02
   4.9630000e+02   3.7468471e+00  -6.3743684e-02  -1.2988225e-02   3.7468471e+00  -6.3743684e-02  -1.2988225e-02
   4.9640000e+02   3.7466994e+00  -6.6137028e-02  -1.3622286e-02   3.7466994e+00  -6.6137028e-02  -1.3622286e-02
   4.9650000e+02   3.7465748e+00  -6.8417140e-02  -1.4544174e-02   3.7465748e+00  -6.8417140e-02  -1.4544174e-02
   4.9660000e+02   3.7464731e+00  -7.0580124e-02  -1.5742548e-02   3.7464731e+00  -7.0580124e-02  -1.5742548e-02
   4.9670000e+02   3.7463942e+00  -7.2623856e-02  -1.7203598e-02   3.7463942e+00  -7.2623856e-02  -1.7203598e-02
   4.9680000e+02   3.7463377e+00  -7.4547756e-02  -1.8910846e-02   3.7463377e+00  -7.4547756e-02  -1.8910846e-02
   4.9690000e+02   3.7463029e+00  -7.6352504e-02  -2.0845143e-02   3.7463029e+00  -7.6352504e-02  -2.0845143e-02
   4.9700000e+02   3.7462890e+00  -7.8039780e-02  -2.2984941e-02   3.7462890e+00  -7.8039780e-02  -2.2984941e-02
   4.9710000e+02   3.7462952e+00  -7.9611976e-02  -2.5306829e-02   3.7462952e+00  -7.9611976e-02  -2.5306829e-02
   4.9720000e+02   3.7463207e+00  -8.1071900e-02  -2.7786185e-02   3.7463207e+00  -8.1071900e-02  -2.7786185e-02
   4.9730000e+02   3.7463644e+00  -8.2422584e-02  -3.0397843e-02   3.7463644e+00  -8.2422584e-02  -3.0397843e-02
   4.9740000e+02   3.7464252e+00  -8.3667040e-02  -3.3116667e-02   3.7464252e+00  -8.3667040e-02  -3.3116667e-02
   4.9750000e+02   3.7465019e+00  -8.4808080e-02  -3.5918004e-02   3.7465019e+00  -8.4808080e-02  -3.5918004e-02
   4.9760000e+02   3.7465932e+00  -8.5848104e-02  -3.8777973e-02   3.7465932e+00  -8.5848104e-02  -3.8777973e-02
   4.9770000e+02   3.7466977e+00  -8.6788940e-02  -4.1673588e-02   3.7466977e+00  -8.6788940e-02  -4.1673588e-02
   4.9780000e+02   3.7468142e+00  -8.7631692e-02  -4.4582788e-02   3.7468142e+00  -8.7631692e-02  -4.4582788e-02
   4.9790000e+02   3.7469413e+00  -8.8376640e-02  -4.7484496e-02   3.7469413e+00  -8.8376640e-02  -4.7484496e-02
   4.9800000e+02   3.7470778e+00  -8.9023120e-02  -5.0358820e-02   3.7470778e+00  -8.9023120e-02  -5.0358820e-02
   4.9810000e+02   3.7472228e+00  -8.9569452e-02  -5.3187368e-02   3.7472228e+00  -8.9569452e-02  -5.3187368e-02
   4.9820000e+02   3.7473750e+00  -9.0012940e-02  -5.5953560e-02   3.7473750e+00  -9.0012940e-02  -5.5953560e-02
   4.9830000e+02   3.7475335e+00  -9.0349964e-02  -5.8642880e-02   3.7475335e+00  -9.0349964e-02  -5.8642880e-02
   4.9840000e+02   3.7476975e+00  -9.0576136e-02  -6.1242972e-02   3.7476975e+00  -9.0576136e-02  -6.1242972e-02
   4.9850000e+02   3.7478661e+00  -9.0686384e-02  -6.3743684e-02   3.7478661e+00  -9.0686384e-02  -6.3743684e-02
   4.9860000e+02   3.7480385e+00  -9.0674944e-02  -6.6137028e-02   3.7480385e+00  -9.0674944e-02  -6.6137028e-02
   4.9870000e+02   3.7482138e+00  -9.0535312e-02  -6.8417140e-02   3.7482138e+00  -9.0535312e-02  -6.8417140e-02
   4.9880000e+02   3.7483915e+00  -9.0260292e-02  -7.0580124e-02   3.7483915e+00  -9.0260292e-02  -7.0580124e-02
   4.9890000e+02   3.7485708e+00  -8.9842124e-02  -7.2623856e-02   3.7485708e+00  -8.9842124e-02  -7.2623856e-02
   4.9900000e+02   3.7487512e+00  -8.9272812e-02  -7.4547756e-02   3.7487512e+00  -8.9272812e-02  -7.4547756e-02
   4.9910000e+02   3.7489325e+00  -8.8544520e-02  -7.6352504e-02   3.7489325e+00  -8.8544520e-02  -7.6352504e-02
   4.9920000e+02   3.7491145e+00  -8.7649908e-02  -7.8039780e-02   3.7491145e+00  -8.7649908e-02  -7.8039780e-02
   4.9930000e+02   3.7492971e+00  -8.6582408e-02  -7.9611976e-02   3.7492971e+00  -8.6582408e-02  -7.9611976e-02
   4.9940000e+02   3.7494804e+00  -8.5336524e-02  -8.1071900e-02   3.7494804e+00  -8.5336524e-02  -8.1071900e-02
   4.9950000e+02   3.7496646e+00  -8.3908260e-02  -8.2422584e-02   3.7496646e+00  -8.3908260e-02  -8.2422584e-02
   4.9960000e+02   3.7498498e+00  -8.2295504e-02  -8.3667040e-02   3.7498498e+00  -8.2295504e-02  -8.3667040e-02
   4.9970000e+02   3.7500364e+00  -8.0498312e-02  -8.4808080e-02   3.7500364e+00  -8.0498312e-02  -8.4808080e-02
   4.9980000e+02   3.7502247e+00  -7.8518956e-02  -8.5848104e-02   3.7502247e+00  -7.8518956e-02  -8.5848104e-02
   4.9990000e+02   3.7504147e+00  -7.6361856e-02  -8.6788940e-02   3.7504147e+00  -7.6361856e-02  -8.6788940e-02
   5.0000000e+02   3.7506067e+00  -7.4031884e-02  -8.7631692e-02   3.7506067e+00  -7.4031884e-02  -8.7631692e-02
   5.0010000e+02   3.7508006e+00  -7.1533904e-02  -8.8376640e-02   3.7508006e+00  -7.1533904e-02  -8.8376640e-02
