  Anzahl der Dirichlet BC fuer u,v
         522
1710   1   1   0.0000000 0.0000000
1464   1   1   0.0000000 0.0000000
1466   1   1   0.0000000 0.0000000
1464   1   1   0.0000000 0.0000000
1193   1   1   0.0000000 0.0000000
1195   1   1   0.0000000 0.0000000
1193   1   1   0.0000000 0.0000000
1183   1   1   0.0000000 0.0000000
1185   1   1   0.0000000 0.0000000
1183   1   1   0.0000000 0.0000000
1176   1   1   0.0000000 0.0000000
1178   1   1   0.0000000 0.0000000
1176   1   1   0.0000000 0.0000000
1170   1   1   0.0000000 0.0000000
1172   1   1   0.0000000 0.0000000
1170   1   1   0.0000000 0.0000000
1164   1   1   0.0000000 0.0000000
1166   1   1   0.0000000 0.0000000
1164   1   1   0.0000000 0.0000000
1149   1   1   0.0000000 0.0000000
1145   1   1   0.0000000 0.0000000
1149   1   1   0.0000000 0.0000000
1155   1   1   0.0000000 0.0000000
1151   1   1   0.0000000 0.0000000
1155   1   1   0.0000000 0.0000000
1161   1   1   0.0000000 0.0000000
1157   1   1   0.0000000 0.0000000
1161   1   1   0.0000000 0.0000000
1214   1   1   0.0000000 0.0000000
1163   1   1   0.0000000 0.0000000
1214   1   1   0.0000000 0.0000000
1220   1   1   0.0000000 0.0000000
1216   1   1   0.0000000 0.0000000
1220   1   1   0.0000000 0.0000000
1475   1   1   0.0000000 0.0000000
1221   1   1   0.0000000 0.0000000
1475   1   1   0.0000000 0.0000000
1481   1   1   0.0000000 0.0000000
1477   1   1   0.0000000 0.0000000
1481   1   1   0.0000000 0.0000000
1494   1   1   0.0000000 0.0000000
1483   1   1   0.0000000 0.0000000
1494   1   1   0.0000000 0.0000000
1500   1   1   0.0000000 0.0000000
1496   1   1   0.0000000 0.0000000
1500   1   1   0.0000000 0.0000000
1750   1   1   0.0000000 0.0000000
1502   1   1   0.0000000 0.0000000
1750   1   1   0.0000000 0.0000000
1756   1   1   0.0000000 0.0000000
1752   1   1   0.0000000 0.0000000
1756   1   1   0.0000000 0.0000000
2039   1   1   0.0000000 0.0000000
1758   1   1   0.0000000 0.0000000
2039   1   1   0.0000000 0.0000000
2377   1   1   0.0000000 0.0000000
2041   1   1   0.0000000 0.0000000
2377   1   1   0.0000000 0.0000000
2803   1   1   0.0000000 0.0000000
2379   1   1   0.0000000 0.0000000
2803   1   1   0.0000000 0.0000000
3343   1   1   0.0000000 0.0000000
2805   1   1   0.0000000 0.0000000
3343   1   1   0.0000000 0.0000000
3357   1   1   0.0000000 0.0000000
3345   1   1   0.0000000 0.0000000
3357   1   1   0.0000000 0.0000000
4020   1   1   0.0000000 0.0000000
3359   1   1   0.0000000 0.0000000
4020   1   1   0.0000000 0.0000000
4713   1   1   0.0000000 0.0000000
4021   1   1   0.0000000 0.0000000
4713   1   1   0.0000000 0.0000000
5068   1   1   0.0000000 0.0000000
4715   1   1   0.0000000 0.0000000
5068   1   1   0.0000000 0.0000000
5846   1   1   0.0000000 0.0000000
5070   1   1   0.0000000 0.0000000
5846   1   1   0.0000000 0.0000000
6452   1   1   0.0000000 0.0000000
5848   1   1   0.0000000 0.0000000
6452   1   1   0.0000000 0.0000000
6970   1   1   0.0000000 0.0000000
6454   1   1   0.0000000 0.0000000
6970   1   1   0.0000000 0.0000000
7427   1   1   0.0000000 0.0000000
6972   1   1   0.0000000 0.0000000
7427   1   1   0.0000000 0.0000000
7709   1   1   0.0000000 0.0000000
7429   1   1   0.0000000 0.0000000
7709   1   1   0.0000000 0.0000000
7927   1   1   0.0000000 0.0000000
7711   1   1   0.0000000 0.0000000
7927   1   1   0.0000000 0.0000000
8119   1   1   0.0000000 0.0000000
7929   1   1   0.0000000 0.0000000
8119   1   1   0.0000000 0.0000000
8232   1   1   0.0000000 0.0000000
8121   1   1   0.0000000 0.0000000
8232   1   1   0.0000000 0.0000000
8229   1   1   0.0000000 0.0000000
8231   1   1   0.0000000 0.0000000
8229   1   1   0.0000000 0.0000000
8046   1   1   0.0000000 0.0000000
8048   1   1   0.0000000 0.0000000
8046   1   1   0.0000000 0.0000000
7852   1   1   0.0000000 0.0000000
7853   1   1   0.0000000 0.0000000
7852   1   1   0.0000000 0.0000000
7589   1   1   0.0000000 0.0000000
7591   1   1   0.0000000 0.0000000
7589   1   1   0.0000000 0.0000000
7235   1   1   0.0000000 0.0000000
7237   1   1   0.0000000 0.0000000
7235   1   1   0.0000000 0.0000000
6746   1   1   0.0000000 0.0000000
6748   1   1   0.0000000 0.0000000
6746   1   1   0.0000000 0.0000000
6167   1   1   0.0000000 0.0000000
6169   1   1   0.0000000 0.0000000
6167   1   1   0.0000000 0.0000000
5517   1   1   0.0000000 0.0000000
5519   1   1   0.0000000 0.0000000
5517   1   1   0.0000000 0.0000000
4688   1   1   0.0000000 0.0000000
4690   1   1   0.0000000 0.0000000
4688   1   1   0.0000000 0.0000000
3993   1   1   0.0000000 0.0000000
3995   1   1   0.0000000 0.0000000
3993   1   1   0.0000000 0.0000000
3313   1   1   0.0000000 0.0000000
3315   1   1   0.0000000 0.0000000
3313   1   1   0.0000000 0.0000000
2769   1   1   0.0000000 0.0000000
2771   1   1   0.0000000 0.0000000
2769   1   1   0.0000000 0.0000000
2339   1   1   0.0000000 0.0000000
2341   1   1   0.0000000 0.0000000
2339   1   1   0.0000000 0.0000000
1996   1   1   0.0000000 0.0000000
1998   1   1   0.0000000 0.0000000
1996   1   1   0.0000000 0.0000000
1710   1   1   0.0000000 0.0000000
1711   1   1   0.0000000 0.0000000
525   1   1   1.0000000 0.0000000
531   1   1   1.0000000 0.0000000
526   1   1   1.0000000 0.0000000
531   1   1   1.0000000 0.0000000
662   1   1   1.0000000 0.0000000
532   1   1   1.0000000 0.0000000
662   1   1   1.0000000 0.0000000
800   1   1   1.0000000 0.0000000
663   1   1   1.0000000 0.0000000
800   1   1   1.0000000 0.0000000
989   1   1   1.0000000 0.0000000
801   1   1   1.0000000 0.0000000
989   1   1   1.0000000 0.0000000
1247   1   1   1.0000000 0.0000000
990   1   1   1.0000000 0.0000000
1247   1   1   1.0000000 0.0000000
1532   1   1   1.0000000 0.0000000
1248   1   1   1.0000000 0.0000000
1532   1   1   1.0000000 0.0000000
1800   1   1   1.0000000 0.0000000
1533   1   1   1.0000000 0.0000000
1800   1   1   1.0000000 0.0000000
2093   1   1   1.0000000 0.0000000
1801   1   1   1.0000000 0.0000000
2093   1   1   1.0000000 0.0000000
2475   1   1   1.0000000 0.0000000
2094   1   1   1.0000000 0.0000000
2475   1   1   1.0000000 0.0000000
2930   1   1   1.0000000 0.0000000
2476   1   1   1.0000000 0.0000000
2930   1   1   1.0000000 0.0000000
3520   1   1   1.0000000 0.0000000
2931   1   1   1.0000000 0.0000000
3520   1   1   1.0000000 0.0000000
3523   1   1   1.0000000 0.0000000
3522   1   1   1.0000000 0.0000000
3773   1   1   1.0000000 0.0000000
3770   1   1   1.0000000 0.0000000
3771   1   1   1.0000000 0.0000000
3770   1   1   1.0000000 0.0000000
3138   1   1   1.0000000 0.0000000
3139   1   1   1.0000000 0.0000000
3138   1   1   1.0000000 0.0000000
2620   1   1   1.0000000 0.0000000
2621   1   1   1.0000000 0.0000000
2620   1   1   1.0000000 0.0000000
2209   1   1   1.0000000 0.0000000
2210   1   1   1.0000000 0.0000000
2209   1   1   1.0000000 0.0000000
1870   1   1   1.0000000 0.0000000
1871   1   1   1.0000000 0.0000000
1870   1   1   1.0000000 0.0000000
1573   1   1   1.0000000 0.0000000
1574   1   1   1.0000000 0.0000000
1573   1   1   1.0000000 0.0000000
1277   1   1   1.0000000 0.0000000
1278   1   1   1.0000000 0.0000000
1277   1   1   1.0000000 0.0000000
1010   1   1   1.0000000 0.0000000
1011   1   1   1.0000000 0.0000000
1010   1   1   1.0000000 0.0000000
820   1   1   1.0000000 0.0000000
821   1   1   1.0000000 0.0000000
820   1   1   1.0000000 0.0000000
674   1   1   1.0000000 0.0000000
675   1   1   1.0000000 0.0000000
674   1   1   1.0000000 0.0000000
553   1   1   1.0000000 0.0000000
554   1   1   1.0000000 0.0000000
553   1   1   1.0000000 0.0000000
547   1   1   1.0000000 0.0000000
549   1   1   1.0000000 0.0000000
547   1   1   1.0000000 0.0000000
544   1   1   1.0000000 0.0000000
545   1   1   1.0000000 0.0000000
544   1   1   1.0000000 0.0000000
403   1   1   1.0000000 0.0000000
404   1   1   1.0000000 0.0000000
403   1   1   1.0000000 0.0000000
286   1   1   1.0000000 0.0000000
277   1   1   1.0000000 0.0000000
286   1   1   1.0000000 0.0000000
388   1   1   1.0000000 0.0000000
287   1   1   1.0000000 0.0000000
388   1   1   1.0000000 0.0000000
522   1   1   1.0000000 0.0000000
389   1   1   1.0000000 0.0000000
522   1   1   1.0000000 0.0000000
525   1   1   1.0000000 0.0000000
524   1   1   1.0000000 0.0000000
1899   1   1   0.0000000 0.0000000
2239   1   1   0.0000000 0.0000000
1901   1   1   0.0000000 0.0000000
2239   1   1   0.0000000 0.0000000
2657   1   1   0.0000000 0.0000000
2241   1   1   0.0000000 0.0000000
2657   1   1   0.0000000 0.0000000
3180   1   1   0.0000000 0.0000000
2659   1   1   0.0000000 0.0000000
3180   1   1   0.0000000 0.0000000
3841   1   1   0.0000000 0.0000000
3182   1   1   0.0000000 0.0000000
3841   1   1   0.0000000 0.0000000
4546   1   1   0.0000000 0.0000000
3843   1   1   0.0000000 0.0000000
4546   1   1   0.0000000 0.0000000
5390   1   1   0.0000000 0.0000000
4548   1   1   0.0000000 0.0000000
5390   1   1   0.0000000 0.0000000
6027   1   1   0.0000000 0.0000000
5392   1   1   0.0000000 0.0000000
6027   1   1   0.0000000 0.0000000
6620   1   1   0.0000000 0.0000000
6029   1   1   0.0000000 0.0000000
6620   1   1   0.0000000 0.0000000
7088   1   1   0.0000000 0.0000000
6622   1   1   0.0000000 0.0000000
7088   1   1   0.0000000 0.0000000
7482   1   1   0.0000000 0.0000000
7090   1   1   0.0000000 0.0000000
7482   1   1   0.0000000 0.0000000
7744   1   1   0.0000000 0.0000000
7484   1   1   0.0000000 0.0000000
7744   1   1   0.0000000 0.0000000
7950   1   1   0.0000000 0.0000000
7745   1   1   0.0000000 0.0000000
7950   1   1   0.0000000 0.0000000
8148   1   1   0.0000000 0.0000000
7952   1   1   0.0000000 0.0000000
8148   1   1   0.0000000 0.0000000
8310   1   1   0.0000000 0.0000000
8150   1   1   0.0000000 0.0000000
8310   1   1   0.0000000 0.0000000
8337   1   1   0.0000000 0.0000000
8312   1   1   0.0000000 0.0000000
8337   1   1   0.0000000 0.0000000
8334   1   1   0.0000000 0.0000000
8336   1   1   0.0000000 0.0000000
8334   1   1   0.0000000 0.0000000
8171   1   1   0.0000000 0.0000000
8173   1   1   0.0000000 0.0000000
8171   1   1   0.0000000 0.0000000
7973   1   1   0.0000000 0.0000000
7975   1   1   0.0000000 0.0000000
7973   1   1   0.0000000 0.0000000
7781   1   1   0.0000000 0.0000000
7783   1   1   0.0000000 0.0000000
7781   1   1   0.0000000 0.0000000
7516   1   1   0.0000000 0.0000000
7518   1   1   0.0000000 0.0000000
7516   1   1   0.0000000 0.0000000
7126   1   1   0.0000000 0.0000000
7128   1   1   0.0000000 0.0000000
7126   1   1   0.0000000 0.0000000
6648   1   1   0.0000000 0.0000000
6650   1   1   0.0000000 0.0000000
6648   1   1   0.0000000 0.0000000
6070   1   1   0.0000000 0.0000000
6072   1   1   0.0000000 0.0000000
6070   1   1   0.0000000 0.0000000
5422   1   1   0.0000000 0.0000000
5423   1   1   0.0000000 0.0000000
5422   1   1   0.0000000 0.0000000
4580   1   1   0.0000000 0.0000000
4582   1   1   0.0000000 0.0000000
4580   1   1   0.0000000 0.0000000
3900   1   1   0.0000000 0.0000000
3902   1   1   0.0000000 0.0000000
3900   1   1   0.0000000 0.0000000
3879   1   1   0.0000000 0.0000000
3881   1   1   0.0000000 0.0000000
3879   1   1   0.0000000 0.0000000
3215   1   1   0.0000000 0.0000000
3217   1   1   0.0000000 0.0000000
3215   1   1   0.0000000 0.0000000
2695   1   1   0.0000000 0.0000000
2697   1   1   0.0000000 0.0000000
2695   1   1   0.0000000 0.0000000
2282   1   1   0.0000000 0.0000000
2284   1   1   0.0000000 0.0000000
2282   1   1   0.0000000 0.0000000
1945   1   1   0.0000000 0.0000000
1947   1   1   0.0000000 0.0000000
1945   1   1   0.0000000 0.0000000
1939   1   1   0.0000000 0.0000000
1941   1   1   0.0000000 0.0000000
1939   1   1   0.0000000 0.0000000
1657   1   1   0.0000000 0.0000000
1659   1   1   0.0000000 0.0000000
1657   1   1   0.0000000 0.0000000
1651   1   1   0.0000000 0.0000000
1653   1   1   0.0000000 0.0000000
1651   1   1   0.0000000 0.0000000
1638   1   1   0.0000000 0.0000000
1640   1   1   0.0000000 0.0000000
1638   1   1   0.0000000 0.0000000
1632   1   1   0.0000000 0.0000000
1633   1   1   0.0000000 0.0000000
1632   1   1   0.0000000 0.0000000
1392   1   1   0.0000000 0.0000000
1394   1   1   0.0000000 0.0000000
1392   1   1   0.0000000 0.0000000
1386   1   1   0.0000000 0.0000000
1388   1   1   0.0000000 0.0000000
1386   1   1   0.0000000 0.0000000
1333   1   1   0.0000000 0.0000000
1335   1   1   0.0000000 0.0000000
1333   1   1   0.0000000 0.0000000
1327   1   1   0.0000000 0.0000000
1329   1   1   0.0000000 0.0000000
1327   1   1   0.0000000 0.0000000
1321   1   1   0.0000000 0.0000000
1323   1   1   0.0000000 0.0000000
1321   1   1   0.0000000 0.0000000
1336   1   1   0.0000000 0.0000000
1317   1   1   0.0000000 0.0000000
1336   1   1   0.0000000 0.0000000
1342   1   1   0.0000000 0.0000000
1338   1   1   0.0000000 0.0000000
1342   1   1   0.0000000 0.0000000
1348   1   1   0.0000000 0.0000000
1344   1   1   0.0000000 0.0000000
1348   1   1   0.0000000 0.0000000
1355   1   1   0.0000000 0.0000000
1350   1   1   0.0000000 0.0000000
1355   1   1   0.0000000 0.0000000
1365   1   1   0.0000000 0.0000000
1357   1   1   0.0000000 0.0000000
1365   1   1   0.0000000 0.0000000
1621   1   1   0.0000000 0.0000000
1367   1   1   0.0000000 0.0000000
1621   1   1   0.0000000 0.0000000
1899   1   1   0.0000000 0.0000000
1622   1   1   0.0000000 0.0000000
3   1   1   0.0000000 0.0000000
19   1   1   0.0000000 0.0000000
5   1   1   0.0000000 0.0000000
19   1   1   0.0000000 0.0000000
44   1   1   0.0000000 0.0000000
21   1   1   0.0000000 0.0000000
44   1   1   0.0000000 0.0000000
82   1   1   0.0000000 0.0000000
46   1   1   0.0000000 0.0000000
82   1   1   0.0000000 0.0000000
88   1   1   0.0000000 0.0000000
84   1   1   0.0000000 0.0000000
88   1   1   0.0000000 0.0000000
139   1   1   0.0000000 0.0000000
90   1   1   0.0000000 0.0000000
139   1   1   0.0000000 0.0000000
145   1   1   0.0000000 0.0000000
141   1   1   0.0000000 0.0000000
145   1   1   0.0000000 0.0000000
218   1   1   0.0000000 0.0000000
147   1   1   0.0000000 0.0000000
218   1   1   0.0000000 0.0000000
308   1   1   0.0000000 0.0000000
220   1   1   0.0000000 0.0000000
308   1   1   0.0000000 0.0000000
314   1   1   0.0000000 0.0000000
310   1   1   0.0000000 0.0000000
314   1   1   0.0000000 0.0000000
418   1   1   0.0000000 0.0000000
316   1   1   0.0000000 0.0000000
418   1   1   0.0000000 0.0000000
467   1   1   0.0000000 0.0000000
420   1   1   0.0000000 0.0000000
467   1   1   0.0000000 0.0000000
474   1   1   0.0000000 0.0000000
468   1   1   0.0000000 0.0000000
474   1   1   0.0000000 0.0000000
615   1   1   0.0000000 0.0000000
476   1   1   0.0000000 0.0000000
615   1   1   0.0000000 0.0000000
739   1   1   0.0000000 0.0000000
617   1   1   0.0000000 0.0000000
739   1   1   0.0000000 0.0000000
901   1   1   0.0000000 0.0000000
741   1   1   0.0000000 0.0000000
901   1   1   0.0000000 0.0000000
1115   1   1   0.0000000 0.0000000
903   1   1   0.0000000 0.0000000
1115   1   1   0.0000000 0.0000000
1427   1   1   0.0000000 0.0000000
1117   1   1   0.0000000 0.0000000
1427   1   1   0.0000000 0.0000000
1692   1   1   0.0000000 0.0000000
1429   1   1   0.0000000 0.0000000
1692   1   1   0.0000000 0.0000000
1982   1   1   0.0000000 0.0000000
1694   1   1   0.0000000 0.0000000
1982   1   1   0.0000000 0.0000000
2328   1   1   0.0000000 0.0000000
1984   1   1   0.0000000 0.0000000
2328   1   1   0.0000000 0.0000000
2758   1   1   0.0000000 0.0000000
2330   1   1   0.0000000 0.0000000
2758   1   1   0.0000000 0.0000000
3298   1   1   0.0000000 0.0000000
2760   1   1   0.0000000 0.0000000
3298   1   1   0.0000000 0.0000000
3981   1   1   0.0000000 0.0000000
3300   1   1   0.0000000 0.0000000
3981   1   1   0.0000000 0.0000000
4531   1   1   0.0000000 0.0000000
3982   1   1   0.0000000 0.0000000
4531   1   1   0.0000000 0.0000000
4528   1   1   0.0000000 0.0000000
4530   1   1   0.0000000 0.0000000
4528   1   1   0.0000000 0.0000000
3827   1   1   0.0000000 0.0000000
3829   1   1   0.0000000 0.0000000
3827   1   1   0.0000000 0.0000000
3169   1   1   0.0000000 0.0000000
3171   1   1   0.0000000 0.0000000
3169   1   1   0.0000000 0.0000000
2646   1   1   0.0000000 0.0000000
2648   1   1   0.0000000 0.0000000
2646   1   1   0.0000000 0.0000000
2225   1   1   0.0000000 0.0000000
2227   1   1   0.0000000 0.0000000
2225   1   1   0.0000000 0.0000000
1881   1   1   0.0000000 0.0000000
1883   1   1   0.0000000 0.0000000
1881   1   1   0.0000000 0.0000000
1584   1   1   0.0000000 0.0000000
1586   1   1   0.0000000 0.0000000
1584   1   1   0.0000000 0.0000000
1287   1   1   0.0000000 0.0000000
1289   1   1   0.0000000 0.0000000
1287   1   1   0.0000000 0.0000000
1017   1   1   0.0000000 0.0000000
1019   1   1   0.0000000 0.0000000
1017   1   1   0.0000000 0.0000000
830   1   1   0.0000000 0.0000000
832   1   1   0.0000000 0.0000000
830   1   1   0.0000000 0.0000000
678   1   1   0.0000000 0.0000000
680   1   1   0.0000000 0.0000000
678   1   1   0.0000000 0.0000000
570   1   1   0.0000000 0.0000000
571   1   1   0.0000000 0.0000000
570   1   1   0.0000000 0.0000000
563   1   1   0.0000000 0.0000000
565   1   1   0.0000000 0.0000000
563   1   1   0.0000000 0.0000000
430   1   1   0.0000000 0.0000000
432   1   1   0.0000000 0.0000000
430   1   1   0.0000000 0.0000000
336   1   1   0.0000000 0.0000000
338   1   1   0.0000000 0.0000000
336   1   1   0.0000000 0.0000000
330   1   1   0.0000000 0.0000000
332   1   1   0.0000000 0.0000000
330   1   1   0.0000000 0.0000000
233   1   1   0.0000000 0.0000000
235   1   1   0.0000000 0.0000000
233   1   1   0.0000000 0.0000000
164   1   1   0.0000000 0.0000000
166   1   1   0.0000000 0.0000000
164   1   1   0.0000000 0.0000000
158   1   1   0.0000000 0.0000000
160   1   1   0.0000000 0.0000000
158   1   1   0.0000000 0.0000000
103   1   1   0.0000000 0.0000000
105   1   1   0.0000000 0.0000000
103   1   1   0.0000000 0.0000000
52   1   1   0.0000000 0.0000000
54   1   1   0.0000000 0.0000000
52   1   1   0.0000000 0.0000000
27   1   1   0.0000000 0.0000000
29   1   1   0.0000000 0.0000000
27   1   1   0.0000000 0.0000000
7   1   1   0.0000000 0.0000000
9   1   1   0.0000000 0.0000000
7   1   1   0.0000000 0.0000000
3   1   1   0.0000000 0.0000000
1   1   1   0.0000000 0.0000000   
   Anzahl der Dirichlet BC fuer p
          0
        3523   0.0000000    
        4199   0.0000000    
        3524   0.0000000    
        4199   0.0000000    
        4938   0.0000000    
        4200   0.0000000    
        4938   0.0000000    
        5701   0.0000000    
        4939   0.0000000    
        5701   0.0000000    
        6282   0.0000000    
        5702   0.0000000    
        6282   0.0000000    
        6855   0.0000000    
        6283   0.0000000    
        6855   0.0000000    
        6856   0.0000000    
        6858   0.0000000    
        6856   0.0000000    
        6583   0.0000000    
        6584   0.0000000    
        6583   0.0000000    
        5970   0.0000000    
        5971   0.0000000    
        5970   0.0000000    
        5277   0.0000000    
        5278   0.0000000    
        5277   0.0000000    
        4465   0.0000000    
        4466   0.0000000    
        4465   0.0000000    
        3773   0.0000000    
        3775   0.0000000  

   Anzahl der Dirichlet BC fuer p
          33