   4.5000000e+02   4.1705520e+00  -1.0789115e-02  -3.5085328e-02   4.1705520e+00  -1.0789115e-02  -3.5085328e-02
   4.5010000e+02   4.1705140e+00  -8.7966164e-03  -3.5129064e-02   4.1705140e+00  -8.7966164e-03  -3.5129064e-02
   4.5020000e+02   4.1704820e+00  -6.7754768e-03  -3.5046212e-02   4.1704820e+00  -6.7754768e-03  -3.5046212e-02
   4.5030000e+02   4.1704556e+00  -4.7331376e-03  -3.4837716e-02   4.1704556e+00  -4.7331376e-03  -3.4837716e-02
   4.5040000e+02   4.1704356e+00  -2.6771714e-03  -3.4504791e-02   4.1704356e+00  -2.6771714e-03  -3.4504791e-02
   4.5050000e+02   4.1704224e+00  -6.1527756e-04  -3.4048947e-02   4.1704224e+00  -6.1527756e-04  -3.4048947e-02
   4.5060000e+02   4.1704164e+00   1.4447252e-03  -3.3472048e-02   4.1704164e+00   1.4447252e-03  -3.3472048e-02
   4.5070000e+02   4.1704168e+00   3.4949138e-03  -3.2776357e-02   4.1704168e+00   3.4949138e-03  -3.2776357e-02
   4.5080000e+02   4.1704248e+00   5.5272836e-03  -3.1964570e-02   4.1704248e+00   5.5272836e-03  -3.1964570e-02
   4.5090000e+02   4.1704392e+00   7.5337812e-03  -3.1039820e-02   4.1704392e+00   7.5337812e-03  -3.1039820e-02
   4.5100000e+02   4.1704604e+00   9.5063504e-03  -3.0005660e-02   4.1704604e+00   9.5063504e-03  -3.0005660e-02
   4.5110000e+02   4.1704880e+00   1.1436984e-02  -2.8866026e-02   4.1704880e+00   1.1436984e-02  -2.8866026e-02
   4.5120000e+02   4.1705212e+00   1.3317788e-02  -2.7625188e-02   4.1705212e+00   1.3317788e-02  -2.7625188e-02
   4.5130000e+02   4.1705596e+00   1.5141042e-02  -2.6287706e-02   4.1705596e+00   1.5141042e-02  -2.6287706e-02
   4.5140000e+02   4.1706028e+00   1.6899248e-02  -2.4858404e-02   4.1706028e+00   1.6899248e-02  -2.4858404e-02
   4.5150000e+02   4.1706500e+00   1.8585174e-02  -2.3342358e-02   4.1706500e+00   1.8585174e-02  -2.3342358e-02
   4.5160000e+02   4.1707004e+00   2.0191884e-02  -2.1744924e-02   4.1707004e+00   2.0191884e-02  -2.1744924e-02
   4.5170000e+02   4.1707532e+00   2.1712771e-02  -2.0071756e-02   4.1707532e+00   2.1712771e-02  -2.0071756e-02
   4.5180000e+02   4.1708080e+00   2.3141593e-02  -1.8328828e-02   4.1708080e+00   2.3141593e-02  -1.8328828e-02
   4.5190000e+02   4.1708632e+00   2.4472508e-02  -1.6522420e-02   4.1708632e+00   2.4472508e-02  -1.6522420e-02
   4.5200000e+02   4.1709184e+00   2.5700116e-02  -1.4659098e-02   4.1709184e+00   2.5700116e-02  -1.4659098e-02
   4.5210000e+02   4.1709724e+00   2.6819503e-02  -1.2745663e-02   4.1709724e+00   2.6819503e-02  -1.2745663e-02
   4.5220000e+02   4.1710244e+00   2.7826265e-02  -1.0789115e-02   4.1710244e+00   2.7826265e-02  -1.0789115e-02
   4.5230000e+02   4.1710736e+00   2.8716527e-02  -8.7966164e-03   4.1710736e+00   2.8716527e-02  -8.7966164e-03
   4.5240000e+02   4.1711192e+00   2.9486943e-02  -6.7754768e-03   4.1711192e+00   2.9486943e-02  -6.7754768e-03
   4.5250000e+02   4.1711604e+00   3.0134702e-02  -4.7331376e-03   4.1711604e+00   3.0134702e-02  -4.7331376e-03
   4.5260000e+02   4.1711964e+00   3.0657546e-02  -2.6771714e-03   4.1711964e+00   3.0657546e-02  -2.6771714e-03
   4.5270000e+02   4.1712260e+00   3.1053792e-02  -6.1527756e-04   4.1712260e+00   3.1053792e-02  -6.1527756e-04
   4.5280000e+02   4.1712496e+00   3.1322358e-02   1.4447252e-03   4.1712496e+00   3.1322358e-02   1.4447252e-03
   4.5290000e+02   4.1712660e+00   3.1462777e-02   3.4949138e-03   4.1712660e+00   3.1462777e-02   3.4949138e-03
   4.5300000e+02   4.1712748e+00   3.1475183e-02   5.5272836e-03   4.1712748e+00   3.1475183e-02   5.5272836e-03
   4.5310000e+02   4.1712760e+00   3.1360272e-02   7.5337812e-03   4.1712760e+00   3.1360272e-02   7.5337812e-03
   4.5320000e+02   4.1712696e+00   3.1119240e-02   9.5063504e-03   4.1712696e+00   3.1119240e-02   9.5063504e-03
   4.5330000e+02   4.1712552e+00   3.0753714e-02   1.1436984e-02   4.1712552e+00   3.0753714e-02   1.1436984e-02
   4.5340000e+02   4.1712328e+00   3.0265675e-02   1.3317788e-02   4.1712328e+00   3.0265675e-02   1.3317788e-02
   4.5350000e+02   4.1712032e+00   2.9657404e-02   1.5141042e-02   4.1712032e+00   2.9657404e-02   1.5141042e-02
   4.5360000e+02   4.1711664e+00   2.8931444e-02   1.6899248e-02   4.1711664e+00   2.8931444e-02   1.6899248e-02
   4.5370000e+02   4.1711228e+00   2.8090589e-02   1.8585174e-02   4.1711228e+00   2.8090589e-02   1.8585174e-02
   4.5380000e+02   4.1710732e+00   2.7137904e-02   2.0191884e-02   4.1710732e+00   2.7137904e-02   2.0191884e-02
   4.5390000e+02   4.1710180e+00   2.6076741e-02   2.1712771e-02   4.1710180e+00   2.6076741e-02   2.1712771e-02
   4.5400000e+02   4.1709580e+00   2.4910774e-02   2.3141593e-02   4.1709580e+00   2.4910774e-02   2.3141593e-02
   4.5410000e+02   4.1708944e+00   2.3644015e-02   2.4472508e-02   4.1708944e+00   2.3644015e-02   2.4472508e-02
   4.5420000e+02   4.1708280e+00   2.2280816e-02   2.5700116e-02   4.1708280e+00   2.2280816e-02   2.5700116e-02
   4.5430000e+02   4.1707596e+00   2.0825877e-02   2.6819503e-02   4.1707596e+00   2.0825877e-02   2.6819503e-02
   4.5440000e+02   4.1706904e+00   1.9284241e-02   2.7826265e-02   4.1706904e+00   1.9284241e-02   2.7826265e-02
   4.5450000e+02   4.1706212e+00   1.7661300e-02   2.8716527e-02   4.1706212e+00   1.7661300e-02   2.8716527e-02
   4.5460000e+02   4.1705532e+00   1.5962805e-02   2.9486943e-02   4.1705532e+00   1.5962805e-02   2.9486943e-02
   4.5470000e+02   4.1704872e+00   1.4194867e-02   3.0134702e-02   4.1704872e+00   1.4194867e-02   3.0134702e-02
   4.5480000e+02   4.1704244e+00   1.2363965e-02   3.0657546e-02   4.1704244e+00   1.2363965e-02   3.0657546e-02
   4.5490000e+02   4.1703652e+00   1.0476925e-02   3.1053792e-02   4.1703652e+00   1.0476925e-02   3.1053792e-02
   4.5500000e+02   4.1703108e+00   8.5408864e-03   3.1322358e-02   4.1703108e+00   8.5408864e-03   3.1322358e-02
   4.5510000e+02   4.1702620e+00   6.5632436e-03   3.1462777e-02   4.1702620e+00   6.5632436e-03   3.1462777e-02
   4.5520000e+02   4.1702192e+00   4.5515856e-03   3.1475183e-02   4.1702192e+00   4.5515856e-03   3.1475183e-02
   4.5530000e+02   4.1701836e+00   2.5136388e-03   3.1360272e-02   4.1701836e+00   2.5136388e-03   3.1360272e-02
   4.5540000e+02   4.1701552e+00   4.5722316e-04   3.1119240e-02   4.1701552e+00   4.5722316e-04   3.1119240e-02
   4.5550000e+02   4.1701344e+00  -1.6097756e-03   3.0753714e-02   4.1701344e+00  -1.6097756e-03   3.0753714e-02
   4.5560000e+02   4.1701224e+00  -3.6794314e-03   3.0265675e-02   4.1701224e+00  -3.6794314e-03   3.0265675e-02
   4.5570000e+02   4.1701188e+00  -5.7438000e-03   2.9657404e-02   4.1701188e+00  -5.7438000e-03   2.9657404e-02
   4.5580000e+02   4.1701236e+00  -7.7949380e-03   2.8931444e-02   4.1701236e+00  -7.7949380e-03   2.8931444e-02
   4.5590000e+02   4.1701368e+00  -9.8249096e-03   2.8090589e-02   4.1701368e+00  -9.8249096e-03   2.8090589e-02
   4.5600000e+02   4.1701584e+00  -1.1825786e-02   2.7137904e-02   4.1701584e+00  -1.1825786e-02   2.7137904e-02
   4.5610000e+02   4.1701880e+00  -1.3789650e-02   2.6076741e-02   4.1701880e+00  -1.3789650e-02   2.6076741e-02
   4.5620000e+02   4.1702252e+00  -1.5708610e-02   2.4910774e-02   4.1702252e+00  -1.5708610e-02   2.4910774e-02
   4.5630000e+02   4.1702692e+00  -1.7574857e-02   2.3644015e-02   4.1702692e+00  -1.7574857e-02   2.3644015e-02
   4.5640000e+02   4.1703192e+00  -1.9380722e-02   2.2280816e-02   4.1703192e+00  -1.9380722e-02   2.2280816e-02
   4.5650000e+02   4.1703748e+00  -2.1118770e-02   2.0825877e-02   4.1703748e+00  -2.1118770e-02   2.0825877e-02
   4.5660000e+02   4.1704348e+00  -2.2781864e-02   1.9284241e-02   4.1704348e+00  -2.2781864e-02   1.9284241e-02
   4.5670000e+02   4.1704988e+00  -2.4363219e-02   1.7661300e-02   4.1704988e+00  -2.4363219e-02   1.7661300e-02
   4.5680000e+02   4.1705660e+00  -2.5856414e-02   1.5962805e-02   4.1705660e+00  -2.5856414e-02   1.5962805e-02
   4.5690000e+02   4.1706348e+00  -2.7255387e-02   1.4194867e-02   4.1706348e+00  -2.7255387e-02   1.4194867e-02
   4.5700000e+02   4.1707048e+00  -2.8554424e-02   1.2363965e-02   4.1707048e+00  -2.8554424e-02   1.2363965e-02
   4.5710000e+02   4.1707748e+00  -2.9748162e-02   1.0476925e-02   4.1707748e+00  -2.9748162e-02   1.0476925e-02
   4.5720000e+02   4.1708436e+00  -3.0831633e-02   8.5408864e-03   4.1708436e+00  -3.0831633e-02   8.5408864e-03
   4.5730000e+02   4.1709104e+00  -3.1800330e-02   6.5632436e-03   4.1709104e+00  -3.1800330e-02   6.5632436e-03
   4.5740000e+02   4.1709744e+00  -3.2650316e-02   4.5515856e-03   4.1709744e+00  -3.2650316e-02   4.5515856e-03
   4.5750000e+02   4.1710344e+00  -3.3378324e-02   2.5136388e-03   4.1710344e+00  -3.3378324e-02   2.5136388e-03
   4.5760000e+02   4.1710892e+00  -3.3981839e-02   4.5722316e-04   4.1710892e+00  -3.3981839e-02   4.5722316e-04
   4.5770000e+02   4.1711388e+00  -3.4459126e-02  -1.6097756e-03   4.1711388e+00  -3.4459126e-02  -1.6097756e-03
   4.5780000e+02   4.1711820e+00  -3.4809185e-02  -3.6794314e-03   4.1711820e+00  -3.4809185e-02  -3.6794314e-03
   4.5790000e+02   4.1712184e+00  -3.5031658e-02  -5.7438000e-03   4.1712184e+00  -3.5031658e-02  -5.7438000e-03
   4.5800000e+02   4.1712476e+00  -3.5126696e-02  -7.7949380e-03   4.1712476e+00  -3.5126696e-02  -7.7949380e-03
   4.5810000e+02   4.1712696e+00  -3.5094840e-02  -9.8249096e-03   4.1712696e+00  -3.5094840e-02  -9.8249096e-03
   4.5820000e+02   4.1712836e+00  -3.4936926e-02  -1.1825786e-02   4.1712836e+00  -3.4936926e-02  -1.1825786e-02
   4.5830000e+02   4.1712904e+00  -3.4654060e-02  -1.3789650e-02   4.1712904e+00  -3.4654060e-02  -1.3789650e-02
   4.5840000e+02   4.1712892e+00  -3.4247626e-02  -1.5708610e-02   4.1712892e+00  -3.4247626e-02  -1.5708610e-02
   4.5850000e+02   4.1712804e+00  -3.3719339e-02  -1.7574857e-02   4.1712804e+00  -3.3719339e-02  -1.7574857e-02
   4.5860000e+02   4.1712644e+00  -3.3071295e-02  -1.9380722e-02   4.1712644e+00  -3.3071295e-02  -1.9380722e-02
   4.5870000e+02   4.1712416e+00  -3.2306015e-02  -2.1118770e-02   4.1712416e+00  -3.2306015e-02  -2.1118770e-02
   4.5880000e+02   4.1712124e+00  -3.1426455e-02  -2.2781864e-02   4.1712124e+00  -3.1426455e-02  -2.2781864e-02
   4.5890000e+02   4.1711768e+00  -3.0436003e-02  -2.4363219e-02   4.1711768e+00  -3.0436003e-02  -2.4363219e-02
   4.5900000e+02   4.1711364e+00  -2.9338444e-02  -2.5856414e-02   4.1711364e+00  -2.9338444e-02  -2.5856414e-02
   4.5910000e+02   4.1710912e+00  -2.8137921e-02  -2.7255387e-02   4.1710912e+00  -2.8137921e-02  -2.7255387e-02
   4.5920000e+02   4.1710420e+00  -2.6838881e-02  -2.8554424e-02   4.1710420e+00  -2.6838881e-02  -2.8554424e-02
   4.5930000e+02   4.1709896e+00  -2.5446043e-02  -2.9748162e-02   4.1709896e+00  -2.5446043e-02  -2.9748162e-02
   4.5940000e+02   4.1709352e+00  -2.3964380e-02  -3.0831633e-02   4.1709352e+00  -2.3964380e-02  -3.0831633e-02
   4.5950000e+02   4.1708796e+00  -2.2399134e-02  -3.1800330e-02   4.1708796e+00  -2.2399134e-02  -3.1800330e-02
   4.5960000e+02   4.1708232e+00  -2.0755833e-02  -3.2650316e-02   4.1708232e+00  -2.0755833e-02  -3.2650316e-02
   4.5970000e+02   4.1707680e+00  -1.9040322e-02  -3.3378324e-02   4.1707680e+00  -1.9040322e-02  -3.3378324e-02
   4.5980000e+02   4.1707136e+00  -1.7258761e-02  -3.3981839e-02   4.1707136e+00  -1.7258761e-02  -3.3981839e-02
   4.5990000e+02   4.1706620e+00  -1.5417605e-02  -3.4459126e-02   4.1706620e+00  -1.5417605e-02  -3.4459126e-02
   4.6000000e+02   4.1706132e+00  -1.3523564e-02  -3.4809185e-02   4.1706132e+00  -1.3523564e-02  -3.4809185e-02
   4.6010000e+02   4.1705688e+00  -1.1583564e-02  -3.5031658e-02   4.1705688e+00  -1.1583564e-02  -3.5031658e-02
   4.6020000e+02   4.1705288e+00  -9.6047036e-03  -3.5126696e-02   4.1705288e+00  -9.6047036e-03  -3.5126696e-02
   4.6030000e+02   4.1704940e+00  -7.5942356e-03  -3.5094840e-02   4.1704940e+00  -7.5942356e-03  -3.5094840e-02
   4.6040000e+02   4.1704652e+00  -5.5595488e-03  -3.4936926e-02   4.1704652e+00  -5.5595488e-03  -3.4936926e-02
   4.6050000e+02   4.1704428e+00  -3.5081628e-03  -3.4654060e-02   4.1704428e+00  -3.5081628e-03  -3.4654060e-02
   4.6060000e+02   4.1704268e+00  -1.4477268e-03  -3.4247626e-02   4.1704268e+00  -1.4477268e-03  -3.4247626e-02
   4.6070000e+02   4.1704180e+00   6.1398772e-04  -3.3719339e-02   4.1704180e+00   6.1398772e-04  -3.3719339e-02
   4.6080000e+02   4.1704160e+00   2.6690973e-03  -3.3071295e-02   4.1704160e+00   2.6690973e-03  -3.3071295e-02
   4.6090000e+02   4.1704208e+00   4.7096268e-03  -3.2306015e-02   4.1704208e+00   4.7096268e-03  -3.2306015e-02
   4.6100000e+02   4.1704328e+00   6.7275380e-03  -3.1426455e-02   4.1704328e+00   6.7275380e-03  -3.1426455e-02
   4.6110000e+02   4.1704512e+00   8.7147696e-03  -3.0436003e-02   4.1704512e+00   8.7147696e-03  -3.0436003e-02
   4.6120000e+02   4.1704760e+00   1.0663288e-02  -2.9338444e-02   4.1704760e+00   1.0663288e-02  -2.9338444e-02
   4.6130000e+02   4.1705072e+00   1.2565144e-02  -2.8137921e-02   4.1705072e+00   1.2565144e-02  -2.8137921e-02
   4.6140000e+02   4.1705436e+00   1.4412544e-02  -2.6838881e-02   4.1705436e+00   1.4412544e-02  -2.6838881e-02
   4.6150000e+02   4.1705852e+00   1.6197891e-02  -2.5446043e-02   4.1705852e+00   1.6197891e-02  -2.5446043e-02
   4.6160000e+02   4.1706308e+00   1.7913844e-02  -2.3964380e-02   4.1706308e+00   1.7913844e-02  -2.3964380e-02
   4.6170000e+02   4.1706800e+00   1.9553342e-02  -2.2399134e-02   4.1706800e+00   1.9553342e-02  -2.2399134e-02
   4.6180000e+02   4.1707320e+00   2.1109642e-02  -2.0755833e-02   4.1707320e+00   2.1109642e-02  -2.0755833e-02
   4.6190000e+02   4.1707856e+00   2.2576351e-02  -1.9040322e-02   4.1707856e+00   2.2576351e-02  -1.9040322e-02
   4.6200000e+02   4.1708408e+00   2.3947459e-02  -1.7258761e-02   4.1708408e+00   2.3947459e-02  -1.7258761e-02
   4.6210000e+02   4.1708960e+00   2.5217384e-02  -1.5417605e-02   4.1708960e+00   2.5217384e-02  -1.5417605e-02
   4.6220000e+02   4.1709508e+00   2.6381012e-02  -1.3523564e-02   4.1709508e+00   2.6381012e-02  -1.3523564e-02
   4.6230000e+02   4.1710036e+00   2.7433729e-02  -1.1583564e-02   4.1710036e+00   2.7433729e-02  -1.1583564e-02
   4.6240000e+02   4.1710544e+00   2.8371446e-02  -9.6047036e-03   4.1710544e+00   2.8371446e-02  -9.6047036e-03
   4.6250000e+02   4.1711016e+00   2.9190604e-02  -7.5942356e-03   4.1711016e+00   2.9190604e-02  -7.5942356e-03
   4.6260000e+02   4.1711444e+00   2.9888174e-02  -5.5595488e-03   4.1711444e+00   2.9888174e-02  -5.5595488e-03
   4.6270000e+02   4.1711824e+00   3.0461672e-02  -3.5081628e-03   4.1711824e+00   3.0461672e-02  -3.5081628e-03
   4.6280000e+02   4.1712148e+00   3.0909181e-02  -1.4477268e-03   4.1712148e+00   3.0909181e-02  -1.4477268e-03
   4.6290000e+02   4.1712408e+00   3.1229372e-02   6.1398772e-04   4.1712408e+00   3.1229372e-02   6.1398772e-04
   4.6300000e+02   4.1712600e+00   3.1421532e-02   2.6690973e-03   4.1712600e+00   3.1421532e-02   2.6690973e-03
   4.6310000e+02   4.1712720e+00   3.1485554e-02   4.7096268e-03   4.1712720e+00   3.1485554e-02   4.7096268e-03
   4.6320000e+02   4.1712764e+00   3.1421914e-02   6.7275380e-03   4.1712764e+00   3.1421914e-02   6.7275380e-03
   4.6330000e+02   4.1712732e+00   3.1231614e-02   8.7147696e-03   4.1712732e+00   3.1231614e-02   8.7147696e-03
   4.6340000e+02   4.1712620e+00   3.0916117e-02   1.0663288e-02   4.1712620e+00   3.0916117e-02   1.0663288e-02
   4.6350000e+02   4.1712428e+00   3.0477269e-02   1.2565144e-02   4.1712428e+00   3.0477269e-02   1.2565144e-02
   4.6360000e+02   4.1712160e+00   2.9917235e-02   1.4412544e-02   4.1712160e+00   2.9917235e-02   1.4412544e-02
   4.6370000e+02   4.1711820e+00   2.9238455e-02   1.6197891e-02   4.1711820e+00   2.9238455e-02   1.6197891e-02
   4.6380000e+02   4.1711412e+00   2.8443622e-02   1.7913844e-02   4.1711412e+00   2.8443622e-02   1.7913844e-02
   4.6390000e+02   4.1710940e+00   2.7535687e-02   1.9553342e-02   4.1710940e+00   2.7535687e-02   1.9553342e-02
   4.6400000e+02   4.1710408e+00   2.6517885e-02   2.1109642e-02   4.1710408e+00   2.6517885e-02   2.1109642e-02
   4.6410000e+02   4.1709828e+00   2.5393756e-02   2.2576351e-02   4.1709828e+00   2.5393756e-02   2.2576351e-02
   4.6420000e+02   4.1709204e+00   2.4167175e-02   2.3947459e-02   4.1709204e+00   2.4167175e-02   2.3947459e-02
   4.6430000e+02   4.1708552e+00   2.2842355e-02   2.5217384e-02   4.1708552e+00   2.2842355e-02   2.5217384e-02
   4.6440000e+02   4.1707876e+00   2.1423857e-02   2.6381012e-02   4.1707876e+00   2.1423857e-02   2.6381012e-02
   4.6450000e+02   4.1707184e+00   1.9916585e-02   2.7433729e-02   4.1707184e+00   1.9916585e-02   2.7433729e-02
   4.6460000e+02   4.1706492e+00   1.8325789e-02   2.8371446e-02   4.1706492e+00   1.8325789e-02   2.8371446e-02
   4.6470000e+02   4.1705804e+00   1.6657074e-02   2.9190604e-02   4.1705804e+00   1.6657074e-02   2.9190604e-02
   4.6480000e+02   4.1705136e+00   1.4916406e-02   2.9888174e-02   4.1705136e+00   1.4916406e-02   2.9888174e-02
   4.6490000e+02   4.1704496e+00   1.3110115e-02   3.0461672e-02   4.1704496e+00   1.3110115e-02   3.0461672e-02
   4.6500000e+02   4.1703888e+00   1.1244890e-02   3.0909181e-02   4.1703888e+00   1.1244890e-02   3.0909181e-02
   4.6510000e+02   4.1703324e+00   9.3277516e-03   3.1229372e-02   4.1703324e+00   9.3277516e-03   3.1229372e-02
   4.6520000e+02   4.1702812e+00   7.3659972e-03   3.1421532e-02   4.1702812e+00   7.3659972e-03   3.1421532e-02
   4.6530000e+02   4.1702356e+00   5.3671452e-03   3.1485554e-02   4.1702356e+00   5.3671452e-03   3.1485554e-02
   4.6540000e+02   4.1701972e+00   3.3388724e-03   3.1421914e-02   4.1701972e+00   3.3388724e-03   3.1421914e-02
   4.6550000e+02   4.1701656e+00   1.2889650e-03   3.1231614e-02   4.1701656e+00   1.2889650e-03   3.1231614e-02
   4.6560000e+02   4.1701420e+00  -7.7471460e-04   3.0916117e-02   4.1701420e+00  -7.7471460e-04   3.0916117e-02
   4.6570000e+02   4.1701264e+00  -2.8442538e-03   3.0477269e-02   4.1701264e+00  -2.8442538e-03   3.0477269e-02
   4.6580000e+02   4.1701192e+00  -4.9117132e-03   2.9917235e-02   4.1701192e+00  -4.9117132e-03   2.9917235e-02
   4.6590000e+02   4.1701204e+00  -6.9691472e-03   2.9238455e-02   4.1701204e+00  -6.9691472e-03   2.9238455e-02
   4.6600000e+02   4.1701304e+00  -9.0086168e-03   2.8443622e-02   4.1701304e+00  -9.0086168e-03   2.8443622e-02
   4.6610000e+02   4.1701488e+00  -1.1022191e-02   2.7535687e-02   4.1701488e+00  -1.1022191e-02   2.7535687e-02
   4.6620000e+02   4.1701752e+00  -1.3001946e-02   2.6517885e-02   4.1701752e+00  -1.3001946e-02   2.6517885e-02
   4.6630000e+02   4.1702092e+00  -1.4939977e-02   2.5393756e-02   4.1702092e+00  -1.4939977e-02   2.5393756e-02
   4.6640000e+02   4.1702504e+00  -1.6828433e-02   2.4167175e-02   4.1702504e+00  -1.6828433e-02   2.4167175e-02
   4.6650000e+02   4.1702984e+00  -1.8659580e-02   2.2842355e-02   4.1702984e+00  -1.8659580e-02   2.2842355e-02
   4.6660000e+02   4.1703516e+00  -2.0425878e-02   2.1423857e-02   4.1703516e+00  -2.0425878e-02   2.1423857e-02
   4.6670000e+02   4.1704100e+00  -2.2120062e-02   1.9916585e-02   4.1704100e+00  -2.2120062e-02   1.9916585e-02
   4.6680000e+02   4.1704728e+00  -2.3735203e-02   1.8325789e-02   4.1704728e+00  -2.3735203e-02   1.8325789e-02
   4.6690000e+02   4.1705388e+00  -2.5264731e-02   1.6657074e-02   4.1705388e+00  -2.5264731e-02   1.6657074e-02
   4.6700000e+02   4.1706068e+00  -2.6702442e-02   1.4916406e-02   4.1706068e+00  -2.6702442e-02   1.4916406e-02
   4.6710000e+02   4.1706764e+00  -2.8042481e-02   1.3110115e-02   4.1706764e+00  -2.8042481e-02   1.3110115e-02
   4.6720000e+02   4.1707468e+00  -2.9279343e-02   1.1244890e-02   4.1707468e+00  -2.9279343e-02   1.1244890e-02
   4.6730000e+02   4.1708160e+00  -3.0407891e-02   9.3277516e-03   4.1708160e+00  -3.0407891e-02   9.3277516e-03
   4.6740000e+02   4.1708840e+00  -3.1423422e-02   7.3659972e-03   4.1708840e+00  -3.1423422e-02   7.3659972e-03
   4.6750000e+02   4.1709492e+00  -3.2321756e-02   5.3671452e-03   4.1709492e+00  -3.2321756e-02   5.3671452e-03
   4.6760000e+02   4.1710108e+00  -3.3099344e-02   3.3388724e-03   4.1710108e+00  -3.3099344e-02   3.3388724e-03
   4.6770000e+02   4.1710676e+00  -3.3753360e-02   1.2889650e-03   4.1710676e+00  -3.3753360e-02   1.2889650e-03
   4.6780000e+02   4.1711196e+00  -3.4281756e-02  -7.7471460e-04   4.1711196e+00  -3.4281756e-02  -7.7471460e-04
   4.6790000e+02   4.1711652e+00  -3.4683244e-02  -2.8442538e-03   4.1711652e+00  -3.4683244e-02  -2.8442538e-03
   4.6800000e+02   4.1712044e+00  -3.4957222e-02  -4.9117132e-03   4.1712044e+00  -3.4957222e-02  -4.9117132e-03
   4.6810000e+02   4.1712368e+00  -3.5103650e-02  -6.9691472e-03   4.1712368e+00  -3.5103650e-02  -6.9691472e-03
   4.6820000e+02   4.1712616e+00  -3.5122926e-02  -9.0086168e-03   4.1712616e+00  -3.5122926e-02  -9.0086168e-03
   4.6830000e+02   4.1712788e+00  -3.5015775e-02  -1.1022191e-02   4.1712788e+00  -3.5015775e-02  -1.1022191e-02
   4.6840000e+02   4.1712884e+00  -3.4783192e-02  -1.3001946e-02   4.1712884e+00  -3.4783192e-02  -1.3001946e-02
   4.6850000e+02   4.1712904e+00  -3.4426447e-02  -1.4939977e-02   4.1712904e+00  -3.4426447e-02  -1.4939977e-02
   4.6860000e+02   4.1712848e+00  -3.3947113e-02  -1.6828433e-02   4.1712848e+00  -3.3947113e-02  -1.6828433e-02
   4.6870000e+02   4.1712720e+00  -3.3347128e-02  -1.8659580e-02   4.1712720e+00  -3.3347128e-02  -1.8659580e-02
   4.6880000e+02   4.1712516e+00  -3.2628836e-02  -2.0425878e-02   4.1712516e+00  -3.2628836e-02  -2.0425878e-02
   4.6890000e+02   4.1712248e+00  -3.1795018e-02  -2.2120062e-02   4.1712248e+00  -3.1795018e-02  -2.2120062e-02
   4.6900000e+02   4.1711920e+00  -3.0848890e-02  -2.3735203e-02   4.1711920e+00  -3.0848890e-02  -2.3735203e-02
   4.6910000e+02   4.1711532e+00  -2.9794083e-02  -2.5264731e-02   4.1711532e+00  -2.9794083e-02  -2.5264731e-02
   4.6920000e+02   4.1711100e+00  -2.8634600e-02  -2.6702442e-02   4.1711100e+00  -2.8634600e-02  -2.6702442e-02
   4.6930000e+02   4.1710620e+00  -2.7374770e-02  -2.8042481e-02   4.1710620e+00  -2.7374770e-02  -2.8042481e-02
   4.6940000e+02   4.1710112e+00  -2.6019207e-02  -2.9279343e-02   4.1710112e+00  -2.6019207e-02  -2.9279343e-02
   4.6950000e+02   4.1709576e+00  -2.4572781e-02  -3.0407891e-02   4.1709576e+00  -2.4572781e-02  -3.0407891e-02
   4.6960000e+02   4.1709020e+00  -2.3040622e-02  -3.1423422e-02   4.1709020e+00  -2.3040622e-02  -3.1423422e-02
   4.6970000e+02   4.1708460e+00  -2.1428140e-02  -3.2321756e-02   4.1708460e+00  -2.1428140e-02  -3.2321756e-02
   4.6980000e+02   4.1707900e+00  -1.9741052e-02  -3.3099344e-02   4.1707900e+00  -1.9741052e-02  -3.3099344e-02
   4.6990000e+02   4.1707352e+00  -1.7985389e-02  -3.3753360e-02   4.1707352e+00  -1.7985389e-02  -3.3753360e-02
   4.7000000e+02   4.1706824e+00  -1.6167492e-02  -3.4281756e-02   4.1706824e+00  -1.6167492e-02  -3.4281756e-02
   4.7010000e+02   4.1706324e+00  -1.4293975e-02  -3.4683244e-02   4.1706324e+00  -1.4293975e-02  -3.4683244e-02
   4.7020000e+02   4.1705864e+00  -1.2371679e-02  -3.4957222e-02   4.1705864e+00  -1.2371679e-02  -3.4957222e-02
   4.7030000e+02   4.1705444e+00  -1.0407639e-02  -3.5103650e-02   4.1705444e+00  -1.0407639e-02  -3.5103650e-02
   4.7040000e+02   4.1705076e+00  -8.4090468e-03  -3.5122926e-02   4.1705076e+00  -8.4090468e-03  -3.5122926e-02
   4.7050000e+02   4.1704764e+00  -6.3832372e-03  -3.5015775e-02   4.1704764e+00  -6.3832372e-03  -3.5015775e-02
   4.7060000e+02   4.1704512e+00  -4.3376780e-03  -3.4783192e-02   4.1704512e+00  -4.3376780e-03  -3.4783192e-02
   4.7070000e+02   4.1704324e+00  -2.2799661e-03  -3.4426447e-02   4.1704324e+00  -2.2799661e-03  -3.4426447e-02
   4.7080000e+02   4.1704208e+00  -2.1782457e-04  -3.3947113e-02   4.1704208e+00  -2.1782457e-04  -3.3947113e-02
   4.7090000e+02   4.1704160e+00   1.8409064e-03  -3.3347128e-02   4.1704160e+00   1.8409064e-03  -3.3347128e-02
   4.7100000e+02   4.1704180e+00   3.8882856e-03  -3.2628836e-02   4.1704180e+00   3.8882856e-03  -3.2628836e-02
   4.7110000e+02   4.1704272e+00   5.9162964e-03  -3.1795018e-02   4.1704272e+00   5.9162964e-03  -3.1795018e-02
   4.7120000e+02   4.1704428e+00   7.9168812e-03  -3.0848890e-02   4.1704428e+00   7.9168812e-03  -3.0848890e-02
   4.7130000e+02   4.1704652e+00   9.8819876e-03  -2.9794083e-02   4.1704652e+00   9.8819876e-03  -2.9794083e-02
   4.7140000e+02   4.1704940e+00   1.1803626e-02  -2.8634600e-02   4.1704940e+00   1.1803626e-02  -2.8634600e-02
   4.7150000e+02   4.1705284e+00   1.3673933e-02  -2.7374770e-02   4.1705284e+00   1.3673933e-02  -2.7374770e-02
   4.7160000e+02   4.1705676e+00   1.5485225e-02  -2.6019207e-02   4.1705676e+00   1.5485225e-02  -2.6019207e-02
   4.7170000e+02   4.1706120e+00   1.7230054e-02  -2.4572781e-02   4.1706120e+00   1.7230054e-02  -2.4572781e-02
   4.7180000e+02   4.1706596e+00   1.8901241e-02  -2.3040622e-02   4.1706596e+00   1.8901241e-02  -2.3040622e-02
   4.7190000e+02   4.1707104e+00   2.0491912e-02  -2.1428140e-02   4.1707104e+00   2.0491912e-02  -2.1428140e-02
   4.7200000e+02   4.1707640e+00   2.1995528e-02  -1.9741052e-02   4.1707640e+00   2.1995528e-02  -1.9741052e-02
   4.7210000e+02   4.1708184e+00   2.3405921e-02  -1.7985389e-02   4.1708184e+00   2.3405921e-02  -1.7985389e-02
   4.7220000e+02   4.1708736e+00   2.4717329e-02  -1.6167492e-02   4.1708736e+00   2.4717329e-02  -1.6167492e-02
   4.7230000e+02   4.1709288e+00   2.5924445e-02  -1.4293975e-02   4.1709288e+00   2.5924445e-02  -1.4293975e-02
   4.7240000e+02   4.1709824e+00   2.7022450e-02  -1.2371679e-02   4.1709824e+00   2.7022450e-02  -1.2371679e-02
   4.7250000e+02   4.1710340e+00   2.8007042e-02  -1.0407639e-02   4.1710340e+00   2.8007042e-02  -1.0407639e-02
   4.7260000e+02   4.1710828e+00   2.8874448e-02  -8.4090468e-03   4.1710828e+00   2.8874448e-02  -8.4090468e-03
   4.7270000e+02   4.1711276e+00   2.9621424e-02  -6.3832372e-03   4.1711276e+00   2.9621424e-02  -6.3832372e-03
   4.7280000e+02   4.1711676e+00   3.0245265e-02  -4.3376780e-03   4.1711676e+00   3.0245265e-02  -4.3376780e-03
   4.7290000e+02   4.1712024e+00   3.0743820e-02  -2.2799661e-03   4.1712024e+00   3.0743820e-02  -2.2799661e-03
   4.7300000e+02   4.1712312e+00   3.1115520e-02  -2.1782457e-04   4.1712312e+00   3.1115520e-02  -2.1782457e-04
   4.7310000e+02   4.1712532e+00   3.1359404e-02   1.8409064e-03   4.1712532e+00   3.1359404e-02   1.8409064e-03
   4.7320000e+02   4.1712680e+00   3.1475120e-02   3.8882856e-03   4.1712680e+00   3.1475120e-02   3.8882856e-03
   4.7330000e+02   4.1712756e+00   3.1462916e-02   5.9162964e-03   4.1712756e+00   3.1462916e-02   5.9162964e-03
   4.7340000e+02   4.1712756e+00   3.1323587e-02   7.9168812e-03   4.1712756e+00   3.1323587e-02   7.9168812e-03
   4.7350000e+02   4.1712672e+00   3.1058421e-02   9.8819876e-03   4.1712672e+00   3.1058421e-02   9.8819876e-03
   4.7360000e+02   4.1712516e+00   3.0669116e-02   1.1803626e-02   4.1712516e+00   3.0669116e-02   1.1803626e-02
   4.7370000e+02   4.1712280e+00   3.0157717e-02   1.3673933e-02   4.1712280e+00   3.0157717e-02   1.3673933e-02
   4.7380000e+02   4.1711968e+00   2.9526556e-02   1.5485225e-02   4.1711968e+00   2.9526556e-02   1.5485225e-02
   4.7390000e+02   4.1711584e+00   2.8778224e-02   1.7230054e-02   4.1711584e+00   2.8778224e-02   1.7230054e-02
   4.7400000e+02   4.1711136e+00   2.7915568e-02   1.8901241e-02   4.1711136e+00   2.7915568e-02   1.8901241e-02
   4.7410000e+02   4.1710628e+00   2.6941702e-02   2.0491912e-02   4.1710628e+00   2.6941702e-02   2.0491912e-02
   4.7420000e+02   4.1710068e+00   2.5860042e-02   2.1995528e-02   4.1710068e+00   2.5860042e-02   2.1995528e-02
   4.7430000e+02   4.1709460e+00   2.4674326e-02   2.3405921e-02   4.1709460e+00   2.4674326e-02   2.3405921e-02
   4.7440000e+02   4.1708820e+00   2.3388628e-02   2.4717329e-02   4.1708820e+00   2.3388628e-02   2.4717329e-02
   4.7450000e+02   4.1708148e+00   2.2007370e-02   2.5924445e-02   4.1708148e+00   2.2007370e-02   2.5924445e-02
   4.7460000e+02   4.1707464e+00   2.0535316e-02   2.7022450e-02   4.1707464e+00   2.0535316e-02   2.7022450e-02
   4.7470000e+02   4.1706772e+00   1.8977578e-02   2.8007042e-02   4.1706772e+00   1.8977578e-02   2.8007042e-02
   4.7480000e+02   4.1706080e+00   1.7339616e-02   2.8874448e-02   4.1706080e+00   1.7339616e-02   2.8874448e-02
   4.7490000e+02   4.1705404e+00   1.5627248e-02   2.9621424e-02   4.1705404e+00   1.5627248e-02   2.9621424e-02
   4.7500000e+02   4.1704752e+00   1.3846659e-02   3.0245265e-02   4.1704752e+00   1.3846659e-02   3.0245265e-02
   4.7510000e+02   4.1704128e+00   1.2004394e-02   3.0743820e-02   4.1704128e+00   1.2004394e-02   3.0743820e-02
   4.7520000e+02   4.1703544e+00   1.0107346e-02   3.1115520e-02   4.1703544e+00   1.0107346e-02   3.1115520e-02
   4.7530000e+02   4.1703012e+00   8.1627048e-03   3.1359404e-02   4.1703012e+00   8.1627048e-03   3.1359404e-02
   4.7540000e+02   4.1702532e+00   6.1779100e-03   3.1475120e-02   4.1702532e+00   6.1779100e-03   3.1475120e-02
   4.7550000e+02   4.1702120e+00   4.1605800e-03   3.1462916e-02   4.1702120e+00   4.1605800e-03   3.1462916e-02
   4.7560000e+02   4.1701776e+00   2.1184622e-03   3.1323587e-02   4.1701776e+00   2.1184622e-03   3.1323587e-02
   4.7570000e+02   4.1701504e+00   5.9391224e-05   3.1058421e-02   4.1701504e+00   5.9391224e-05   3.1058421e-02
   4.7580000e+02   4.1701316e+00  -2.0087376e-03   3.0669116e-02   4.1701316e+00  -2.0087376e-03   3.0669116e-02
   4.7590000e+02   4.1701208e+00  -4.0779928e-03   3.0157717e-02   4.1701208e+00  -4.0779928e-03   3.0157717e-02
   4.7600000e+02   4.1701188e+00  -6.1404296e-03   2.9526556e-02   4.1701188e+00  -6.1404296e-03   2.9526556e-02
   4.7610000e+02   4.1701252e+00  -8.1881052e-03   2.8778224e-02   4.1701252e+00  -8.1881052e-03   2.8778224e-02
   4.7620000e+02   4.1701404e+00  -1.0213086e-02   2.7915568e-02   4.1701404e+00  -1.0213086e-02   2.7915568e-02
   4.7630000e+02   4.1701636e+00  -1.2207444e-02   2.6941702e-02   4.1701636e+00  -1.2207444e-02   2.6941702e-02
   4.7640000e+02   4.1701948e+00  -1.4163265e-02   2.5860042e-02   4.1701948e+00  -1.4163265e-02   2.5860042e-02
   4.7650000e+02   4.1702332e+00  -1.6072670e-02   2.4674326e-02   4.1702332e+00  -1.6072670e-02   2.4674326e-02
   4.7660000e+02   4.1702784e+00  -1.7927869e-02   2.3388628e-02   4.1702784e+00  -1.7927869e-02   2.3388628e-02
   4.7670000e+02   4.1703296e+00  -1.9721233e-02   2.2007370e-02   4.1703296e+00  -1.9721233e-02   2.2007370e-02
   4.7680000e+02   4.1703860e+00  -2.1445378e-02   2.0535316e-02   4.1703860e+00  -2.1445378e-02   2.0535316e-02
   4.7690000e+02   4.1704472e+00  -2.3093235e-02   1.8977578e-02   4.1704472e+00  -2.3093235e-02   1.8977578e-02
   4.7700000e+02   4.1705116e+00  -2.4658085e-02   1.7339616e-02   4.1705116e+00  -2.4658085e-02   1.7339616e-02
   4.7710000e+02   4.1705792e+00  -2.6133580e-02   1.5627248e-02   4.1705792e+00  -2.6133580e-02   1.5627248e-02
   4.7720000e+02   4.1706484e+00  -2.7513725e-02   1.3846659e-02   4.1706484e+00  -2.7513725e-02   1.3846659e-02
   4.7730000e+02   4.1707184e+00  -2.8792872e-02   1.2004394e-02   4.1707184e+00  -2.8792872e-02   1.2004394e-02
   4.7740000e+02   4.1707884e+00  -2.9965730e-02   1.0107346e-02   4.1707884e+00  -2.9965730e-02   1.0107346e-02
   4.7750000e+02   4.1708568e+00  -3.1027413e-02   8.1627048e-03   4.1708568e+00  -3.1027413e-02   8.1627048e-03
   4.7760000e+02   4.1709232e+00  -3.1973516e-02   6.1779100e-03   4.1709232e+00  -3.1973516e-02   6.1779100e-03
   4.7770000e+02   4.1709864e+00  -3.2800222e-02   4.1605800e-03   4.1709864e+00  -3.2800222e-02   4.1605800e-03
   4.7780000e+02   4.1710452e+00  -3.3504406e-02   2.1184622e-03   4.1710452e+00  -3.3504406e-02   2.1184622e-03
   4.7790000e+02   4.1710992e+00  -3.4083702e-02   5.9391224e-05   4.1710992e+00  -3.4083702e-02   5.9391224e-05
   4.7800000e+02   4.1711476e+00  -3.4536522e-02  -2.0087376e-03   4.1711476e+00  -3.4536522e-02  -2.0087376e-03
   4.7810000e+02   4.1711892e+00  -3.4862000e-02  -4.0779928e-03   4.1711892e+00  -3.4862000e-02  -4.0779928e-03
   4.7820000e+02   4.1712244e+00  -3.5059885e-02  -6.1404296e-03   4.1712244e+00  -3.5059885e-02  -6.1404296e-03
   4.7830000e+02   4.1712524e+00  -3.5130412e-02  -8.1881052e-03   4.1712524e+00  -3.5130412e-02  -8.1881052e-03
   4.7840000e+02   4.1712728e+00  -3.5074185e-02  -1.0213086e-02   4.1712728e+00  -3.5074185e-02  -1.0213086e-02
   4.7850000e+02   4.1712856e+00  -3.4892093e-02  -1.2207444e-02   4.1712856e+00  -3.4892093e-02  -1.2207444e-02
   4.7860000e+02   4.1712904e+00  -3.4585292e-02  -1.4163265e-02   4.1712904e+00  -3.4585292e-02  -1.4163265e-02
   4.7870000e+02   4.1712880e+00  -3.4155226e-02  -1.6072670e-02   4.1712880e+00  -3.4155226e-02  -1.6072670e-02
   4.7880000e+02   4.1712780e+00  -3.3603680e-02  -1.7927869e-02   4.1712780e+00  -3.3603680e-02  -1.7927869e-02
   4.7890000e+02   4.1712608e+00  -3.2932830e-02  -1.9721233e-02   4.1712608e+00  -3.2932830e-02  -1.9721233e-02
   4.7900000e+02   4.1712364e+00  -3.2145278e-02  -2.1445378e-02   4.1712364e+00  -3.2145278e-02  -2.1445378e-02
   4.7910000e+02   4.1712060e+00  -3.1244068e-02  -2.3093235e-02   4.1712060e+00  -3.1244068e-02  -2.3093235e-02
   4.7920000e+02   4.1711696e+00  -3.0232664e-02  -2.4658085e-02   4.1711696e+00  -3.0232664e-02  -2.4658085e-02
   4.7930000e+02   4.1711280e+00  -2.9114926e-02  -2.6133580e-02   4.1711280e+00  -2.9114926e-02  -2.6133580e-02
   4.7940000e+02   4.1710820e+00  -2.7895059e-02  -2.7513725e-02   4.1710820e+00  -2.7895059e-02  -2.7513725e-02
   4.7950000e+02   4.1710320e+00  -2.6577565e-02  -2.8792872e-02   4.1710320e+00  -2.6577565e-02  -2.8792872e-02
   4.7960000e+02   4.1709792e+00  -2.5167211e-02  -2.9965730e-02   4.1709792e+00  -2.5167211e-02  -2.9965730e-02
   4.7970000e+02   4.1709244e+00  -2.3669021e-02  -3.1027413e-02   4.1709244e+00  -2.3669021e-02  -3.1027413e-02
   4.7980000e+02   4.1708688e+00  -2.2088289e-02  -3.1973516e-02   4.1708688e+00  -2.2088289e-02  -3.1973516e-02
   4.7990000e+02   4.1708128e+00  -2.0430605e-02  -3.2800222e-02   4.1708128e+00  -2.0430605e-02  -3.2800222e-02
   4.8000000e+02   4.1707572e+00  -1.8701874e-02  -3.3504406e-02   4.1707572e+00  -1.8701874e-02  -3.3504406e-02
   4.8010000e+02   4.1707036e+00  -1.6908316e-02  -3.4083702e-02   4.1707036e+00  -1.6908316e-02  -3.4083702e-02
   4.8020000e+02   4.1706524e+00  -1.5056436e-02  -3.4536522e-02   4.1706524e+00  -1.5056436e-02  -3.4536522e-02
   4.8030000e+02   4.1706044e+00  -1.3152992e-02  -3.4862000e-02   4.1706044e+00  -1.3152992e-02  -3.4862000e-02
   4.8040000e+02   4.1705608e+00  -1.1204944e-02  -3.5059885e-02   4.1705608e+00  -1.1204944e-02  -3.5059885e-02
   4.8050000e+02   4.1705216e+00  -9.2194220e-03  -3.5130412e-02   4.1705216e+00  -9.2194220e-03  -3.5130412e-02
   4.8060000e+02   4.1704880e+00  -7.2037068e-03  -3.5074185e-02   4.1704880e+00  -7.2037068e-03  -3.5074185e-02
   4.8070000e+02   4.1704604e+00  -5.1652116e-03  -3.4892093e-02   4.1704604e+00  -5.1652116e-03  -3.4892093e-02
   4.8080000e+02   4.1704392e+00  -3.1114822e-03  -3.4585292e-02   4.1704392e+00  -3.1114822e-03  -3.4585292e-02
   4.8090000e+02   4.1704248e+00  -1.0501911e-03  -3.4155226e-02   4.1704248e+00  -1.0501911e-03  -3.4155226e-02
   4.8100000e+02   4.1704168e+00   1.0108671e-03  -3.3603680e-02   4.1704168e+00   1.0108671e-03  -3.3603680e-02
   4.8110000e+02   4.1704164e+00   3.0637896e-03  -3.2932830e-02   4.1704164e+00   3.0637896e-03  -3.2932830e-02
   4.8120000e+02   4.1704224e+00   5.1005864e-03  -3.2145278e-02   4.1704224e+00   5.1005864e-03  -3.2145278e-02
   4.8130000e+02   4.1704356e+00   7.1132116e-03  -3.1244068e-02   4.1704356e+00   7.1132116e-03  -3.1244068e-02
   4.8140000e+02   4.1704556e+00   9.0936048e-03  -3.0232664e-02   4.1704556e+00   9.0936048e-03  -3.0232664e-02
   4.8150000e+02   4.1704816e+00   1.1033744e-02  -2.9114926e-02   4.1704816e+00   1.1033744e-02  -2.9114926e-02
   4.8160000e+02   4.1705136e+00   1.2925705e-02  -2.7895059e-02   4.1705136e+00   1.2925705e-02  -2.7895059e-02
   4.8170000e+02   4.1705512e+00   1.4761728e-02  -2.6577565e-02   4.1705512e+00   1.4761728e-02  -2.6577565e-02
   4.8180000e+02   4.1705936e+00   1.6534263e-02  -2.5167211e-02   4.1705936e+00   1.6534263e-02  -2.5167211e-02
   4.8190000e+02   4.1706400e+00   1.8236019e-02  -2.3669021e-02   4.1706400e+00   1.8236019e-02  -2.3669021e-02
   4.8200000e+02   4.1706896e+00   1.9859995e-02  -2.2088289e-02   4.1706896e+00   1.9859995e-02  -2.2088289e-02
   4.8210000e+02   4.1707420e+00   2.1399513e-02  -2.0430605e-02   4.1707420e+00   2.1399513e-02  -2.0430605e-02
   4.8220000e+02   4.1707964e+00   2.2848250e-02  -1.8701874e-02   4.1707964e+00   2.2848250e-02  -1.8701874e-02
   4.8230000e+02   4.1708516e+00   2.4200276e-02  -1.6908316e-02   4.1708516e+00   2.4200276e-02  -1.6908316e-02
   4.8240000e+02   4.1709068e+00   2.5450096e-02  -1.5056436e-02   4.1709068e+00   2.5450096e-02  -1.5056436e-02
   4.8250000e+02   4.1709612e+00   2.6592688e-02  -1.3152992e-02   4.1709612e+00   2.6592688e-02  -1.3152992e-02
   4.8260000e+02   4.1710136e+00   2.7623541e-02  -1.1204944e-02   4.1710136e+00   2.7623541e-02  -1.1204944e-02
   4.8270000e+02   4.1710636e+00   2.8538667e-02  -9.2194220e-03   4.1710636e+00   2.8538667e-02  -9.2194220e-03
   4.8280000e+02   4.1711100e+00   2.9334608e-02  -7.2037068e-03   4.1711100e+00   2.9334608e-02  -7.2037068e-03
   4.8290000e+02   4.1711520e+00   3.0008440e-02  -5.1652116e-03   4.1711520e+00   3.0008440e-02  -5.1652116e-03
   4.8300000e+02   4.1711892e+00   3.0557785e-02  -3.1114822e-03   4.1711892e+00   3.0557785e-02  -3.1114822e-03
   4.8310000e+02   4.1712204e+00   3.0980838e-02  -1.0501911e-03   4.1712204e+00   3.0980838e-02  -1.0501911e-03
   4.8320000e+02   4.1712452e+00   3.1276388e-02   1.0108671e-03   4.1712452e+00   3.1276388e-02   1.0108671e-03
   4.8330000e+02   4.1712632e+00   3.1443839e-02   3.0637896e-03   4.1712632e+00   3.1443839e-02   3.0637896e-03
   4.8340000e+02   4.1712736e+00   3.1483200e-02   5.1005864e-03   4.1712736e+00   3.1483200e-02   5.1005864e-03
   4.8350000e+02   4.1712764e+00   3.1395054e-02   7.1132116e-03   4.1712764e+00   3.1395054e-02   7.1132116e-03
   4.8360000e+02   4.1712716e+00   3.1180496e-02   9.0936048e-03   4.1712716e+00   3.1180496e-02   9.0936048e-03
   4.8370000e+02   4.1712588e+00   3.0841068e-02   1.1033744e-02   4.1712588e+00   3.0841068e-02   1.1033744e-02
   4.8380000e+02   4.1712384e+00   3.0378684e-02   1.2925705e-02   4.1712384e+00   3.0378684e-02   1.2925705e-02
   4.8390000e+02   4.1712100e+00   2.9795564e-02   1.4761728e-02   4.1712100e+00   2.9795564e-02   1.4761728e-02
   4.8400000e+02   4.1711748e+00   2.9094198e-02   1.6534263e-02   4.1711748e+00   2.9094198e-02   1.6534263e-02
   4.8410000e+02   4.1711324e+00   2.8277326e-02   1.8236019e-02   4.1711324e+00   2.8277326e-02   1.8236019e-02
   4.8420000e+02   4.1710840e+00   2.7347954e-02   1.9859995e-02   4.1710840e+00   2.7347954e-02   1.9859995e-02
   4.8430000e+02   4.1710300e+00   2.6309372e-02   2.1399513e-02   4.1710300e+00   2.6309372e-02   2.1399513e-02
   4.8440000e+02   4.1709712e+00   2.5165183e-02   2.2848250e-02   4.1709712e+00   2.5165183e-02   2.2848250e-02
   4.8450000e+02   4.1709080e+00   2.3919328e-02   2.4200276e-02   4.1709080e+00   2.3919328e-02   2.4200276e-02
   4.8460000e+02   4.1708424e+00   2.2576086e-02   2.5450096e-02   4.1708424e+00   2.2576086e-02   2.5450096e-02
   4.8470000e+02   4.1707744e+00   2.1140084e-02   2.6592688e-02   4.1707744e+00   2.1140084e-02   2.6592688e-02
   4.8480000e+02   4.1707052e+00   1.9616293e-02   2.7623541e-02   4.1707052e+00   1.9616293e-02   2.7623541e-02
   4.8490000e+02   4.1706360e+00   1.8010031e-02   2.8538667e-02   4.1706360e+00   1.8010031e-02   2.8538667e-02
   4.8500000e+02   4.1705676e+00   1.6326972e-02   2.9334608e-02   4.1705676e+00   1.6326972e-02   2.9334608e-02
   4.8510000e+02   4.1705012e+00   1.4573150e-02   3.0008440e-02   4.1705012e+00   1.4573150e-02   3.0008440e-02
   4.8520000e+02   4.1704376e+00   1.2754969e-02   3.0557785e-02   4.1704376e+00   1.2754969e-02   3.0557785e-02
   4.8530000e+02   4.1703776e+00   1.0879183e-02   3.0980838e-02   4.1703776e+00   1.0879183e-02   3.0980838e-02
   4.8540000e+02   4.1703220e+00   8.9528684e-03   3.1276388e-02   4.1703220e+00   8.9528684e-03   3.1276388e-02
   4.8550000e+02   4.1702720e+00   6.9833724e-03   3.1443839e-02   4.1702720e+00   6.9833724e-03   3.1443839e-02
   4.8560000e+02   4.1702276e+00   4.9782484e-03   3.1483200e-02   4.1702276e+00   4.9782484e-03   3.1483200e-02
   4.8570000e+02   4.1701904e+00   2.9451966e-03   3.1395054e-02   4.1701904e+00   2.9451966e-03   3.1395054e-02
   4.8580000e+02   4.1701604e+00   8.9202076e-04   3.1180496e-02   4.1701604e+00   8.9202076e-04   3.1180496e-02
   4.8590000e+02   4.1701384e+00  -1.1734053e-03   3.0841068e-02   4.1701384e+00  -1.1734053e-03   3.0841068e-02
   4.8600000e+02   4.1701244e+00  -3.2431620e-03   3.0378684e-02   4.1701244e+00  -3.2431620e-03   3.0378684e-02
   4.8610000e+02   4.1701188e+00  -5.3093072e-03   2.9795564e-02   4.1701188e+00  -5.3093072e-03   2.9795564e-02
   4.8620000e+02   4.1701216e+00  -7.3638964e-03   2.9094198e-02   4.1701216e+00  -7.3638964e-03   2.9094198e-02
   4.8630000e+02   4.1701332e+00  -9.3989916e-03   2.8277326e-02   4.1701332e+00  -9.3989916e-03   2.8277326e-02
   4.8640000e+02   4.1701532e+00  -1.1406664e-02   2.7347954e-02   4.1701532e+00  -1.1406664e-02   2.7347954e-02
   4.8650000e+02   4.1701812e+00  -1.3378990e-02   2.6309372e-02   4.1701812e+00  -1.3378990e-02   2.6309372e-02
   4.8660000e+02   4.1702168e+00  -1.5308074e-02   2.5165183e-02   4.1702168e+00  -1.5308074e-02   2.5165183e-02
   4.8670000e+02   4.1702592e+00  -1.7186081e-02   2.3919328e-02   4.1702592e+00  -1.7186081e-02   2.3919328e-02
   4.8680000e+02   4.1703080e+00  -1.9005308e-02   2.2576086e-02   4.1703080e+00  -1.9005308e-02   2.2576086e-02
   4.8690000e+02   4.1703624e+00  -2.0758262e-02   2.1140084e-02   4.1703624e+00  -2.0758262e-02   2.1140084e-02
   4.8700000e+02   4.1704220e+00  -2.2437739e-02   1.9616293e-02   4.1704220e+00  -2.2437739e-02   1.9616293e-02
   4.8710000e+02   4.1704852e+00  -2.4036878e-02   1.8010031e-02   4.1704852e+00  -2.4036878e-02   1.8010031e-02
   4.8720000e+02   4.1705516e+00  -2.5549180e-02   1.6326972e-02   4.1705516e+00  -2.5549180e-02   1.6326972e-02
   4.8730000e+02   4.1706204e+00  -2.6968510e-02   1.4573150e-02   4.1706204e+00  -2.6968510e-02   1.4573150e-02
   4.8740000e+02   4.1706900e+00  -2.8289080e-02   1.2754969e-02   4.1706900e+00  -2.8289080e-02   1.2754969e-02
   4.8750000e+02   4.1707600e+00  -2.9505451e-02   1.0879183e-02   4.1707600e+00  -2.9505451e-02   1.0879183e-02
   4.8760000e+02   4.1708292e+00  -3.0612567e-02   8.9528684e-03   4.1708292e+00  -3.0612567e-02   8.9528684e-03
   4.8770000e+02   4.1708968e+00  -3.1605816e-02   6.9833724e-03   4.1708968e+00  -3.1605816e-02   6.9833724e-03
   4.8780000e+02   4.1709612e+00  -3.2481131e-02   4.9782484e-03   4.1709612e+00  -3.2481131e-02   4.9782484e-03
   4.8790000e+02   4.1710220e+00  -3.3235096e-02   2.9451966e-03   4.1710220e+00  -3.3235096e-02   2.9451966e-03
   4.8800000e+02   4.1710780e+00  -3.3865035e-02   8.9202076e-04   4.1710780e+00  -3.3865035e-02   8.9202076e-04
   4.8810000e+02   4.1711288e+00  -3.4369047e-02  -1.1734053e-03   4.1711288e+00  -3.4369047e-02  -1.1734053e-03
   4.8820000e+02   4.1711732e+00  -3.4745986e-02  -3.2431620e-03   4.1711732e+00  -3.4745986e-02  -3.2431620e-03
   4.8830000e+02   4.1712112e+00  -3.4995366e-02  -5.3093072e-03   4.1712112e+00  -3.4995366e-02  -5.3093072e-03
   4.8840000e+02   4.1712420e+00  -3.5117244e-02  -7.3638964e-03   4.1712420e+00  -3.5117244e-02  -7.3638964e-03
   4.8850000e+02   4.1712656e+00  -3.5112086e-02  -9.3989916e-03   4.1712656e+00  -3.5112086e-02  -9.3989916e-03
   4.8860000e+02   4.1712812e+00  -3.4980672e-02  -1.1406664e-02   4.1712812e+00  -3.4980672e-02  -1.1406664e-02
   4.8870000e+02   4.1712896e+00  -3.4724050e-02  -1.3378990e-02   4.1712896e+00  -3.4724050e-02  -1.3378990e-02
   4.8880000e+02   4.1712900e+00  -3.4343543e-02  -1.5308074e-02   4.1712900e+00  -3.4343543e-02  -1.5308074e-02
   4.8890000e+02   4.1712828e+00  -3.3840790e-02  -1.7186081e-02   4.1712828e+00  -3.3840790e-02  -1.7186081e-02
   4.8900000e+02   4.1712684e+00  -3.3217806e-02  -1.9005308e-02   4.1712684e+00  -3.3217806e-02  -1.9005308e-02
   4.8910000e+02   4.1712472e+00  -3.2477016e-02  -2.0758262e-02   4.1712472e+00  -3.2477016e-02  -2.0758262e-02
   4.8920000e+02   4.1712192e+00  -3.1621288e-02  -2.2437739e-02   4.1712192e+00  -3.1621288e-02  -2.2437739e-02
   4.8930000e+02   4.1711848e+00  -3.0653917e-02  -2.4036878e-02   4.1711848e+00  -3.0653917e-02  -2.4036878e-02
   4.8940000e+02   4.1711452e+00  -2.9578611e-02  -2.5549180e-02   4.1711452e+00  -2.9578611e-02  -2.5549180e-02
   4.8950000e+02   4.1711008e+00  -2.8399440e-02  -2.6968510e-02   4.1711008e+00  -2.8399440e-02  -2.6968510e-02
   4.8960000e+02   4.1710524e+00  -2.7120791e-02  -2.8289080e-02   4.1710524e+00  -2.7120791e-02  -2.8289080e-02
   4.8970000e+02   4.1710008e+00  -2.5747327e-02  -2.9505451e-02   4.1710008e+00  -2.5747327e-02  -2.9505451e-02
   4.8980000e+02   4.1709468e+00  -2.4283968e-02  -3.0612567e-02   4.1709468e+00  -2.4283968e-02  -3.0612567e-02
   4.8990000e+02   4.1708912e+00  -2.2735897e-02  -3.1605816e-02   4.1708912e+00  -2.2735897e-02  -3.1605816e-02
   4.9000000e+02   4.1708352e+00  -2.1108580e-02  -3.2481131e-02   4.1708352e+00  -2.1108580e-02  -3.2481131e-02
   4.9010000e+02   4.1707796e+00  -1.9407794e-02  -3.3235096e-02   4.1707796e+00  -1.9407794e-02  -3.3235096e-02
   4.9020000e+02   4.1707248e+00  -1.7639634e-02  -3.3865035e-02   4.1707248e+00  -1.7639634e-02  -3.3865035e-02
   4.9030000e+02   4.1706728e+00  -1.5810494e-02  -3.4369047e-02   4.1706728e+00  -1.5810494e-02  -3.4369047e-02
   4.9040000e+02   4.1706232e+00  -1.3927036e-02  -3.4745986e-02   4.1706232e+00  -1.3927036e-02  -3.4745986e-02
   4.9050000e+02   4.1705780e+00  -1.1996141e-02  -3.4995366e-02   4.1705780e+00  -1.1996141e-02  -3.4995366e-02
   4.9060000e+02   4.1705368e+00  -1.0024876e-02  -3.5117244e-02   4.1705368e+00  -1.0024876e-02  -3.5117244e-02
   4.9070000e+02   4.1705012e+00  -8.0204632e-03  -3.5112086e-02   4.1705012e+00  -8.0204632e-03  -3.5112086e-02
   4.9080000e+02   4.1704708e+00  -5.9902616e-03  -3.4980672e-02   4.1704708e+00  -5.9902616e-03  -3.4980672e-02
   4.9090000e+02   4.1704472e+00  -3.9417648e-03  -3.4724050e-02   4.1704472e+00  -3.9417648e-03  -3.4724050e-02
   4.9100000e+02   4.1704296e+00  -1.8825942e-03  -3.4343543e-02   4.1704296e+00  -1.8825942e-03  -3.4343543e-02
   4.9110000e+02   4.1704192e+00   1.7950353e-04  -3.3840790e-02   4.1704192e+00   1.7950353e-04  -3.3840790e-02
   4.9120000e+02   4.1704156e+00   2.2366672e-03  -3.3217806e-02   4.1704156e+00   2.2366672e-03  -3.3217806e-02
   4.9130000e+02   4.1704192e+00   4.2809388e-03  -3.2477016e-02   4.1704192e+00   4.2809388e-03  -3.2477016e-02
   4.9140000e+02   4.1704296e+00   6.3042908e-03  -3.1621288e-02   4.1704296e+00   6.3042908e-03  -3.1621288e-02
   4.9150000e+02   4.1704468e+00   8.2986628e-03  -3.0653917e-02   4.1704468e+00   8.2986628e-03  -3.0653917e-02
   4.9160000e+02   4.1704704e+00   1.0256010e-02  -2.9578611e-02   4.1704704e+00   1.0256010e-02  -2.9578611e-02
   4.9170000e+02   4.1705000e+00   1.2168362e-02  -2.8399440e-02   4.1705000e+00   1.2168362e-02  -2.8399440e-02
   4.9180000e+02   4.1705356e+00   1.4027884e-02  -2.7120791e-02   4.1705356e+00   1.4027884e-02  -2.7120791e-02
   4.9190000e+02   4.1705760e+00   1.5826938e-02  -2.5747327e-02   4.1705760e+00   1.5826938e-02  -2.5747327e-02
   4.9200000e+02   4.1706208e+00   1.7558121e-02  -2.4283968e-02   4.1706208e+00   1.7558121e-02  -2.4283968e-02
   4.9210000e+02   4.1706692e+00   1.9214314e-02  -2.2735897e-02   4.1706692e+00   1.9214314e-02  -2.2735897e-02
   4.9220000e+02   4.1707208e+00   2.0788704e-02  -2.1108580e-02   4.1707208e+00   2.0788704e-02  -2.1108580e-02
   4.9230000e+02   4.1707744e+00   2.2274820e-02  -1.9407794e-02   4.1707744e+00   2.2274820e-02  -1.9407794e-02
   4.9240000e+02   4.1708292e+00   2.3666567e-02  -1.7639634e-02   4.1708292e+00   2.3666567e-02  -1.7639634e-02
   4.9250000e+02   4.1708844e+00   2.4958272e-02  -1.5810494e-02   4.1708844e+00   2.4958272e-02  -1.5810494e-02
   4.9260000e+02   4.1709392e+00   2.6144716e-02  -1.3927036e-02   4.1709392e+00   2.6144716e-02  -1.3927036e-02
   4.9270000e+02   4.1709928e+00   2.7221180e-02  -1.1996141e-02   4.1709928e+00   2.7221180e-02  -1.1996141e-02
   4.9280000e+02   4.1710440e+00   2.8183462e-02  -1.0024876e-02   4.1710440e+00   2.8183462e-02  -1.0024876e-02
   4.9290000e+02   4.1710920e+00   2.9027891e-02  -8.0204632e-03   4.1710920e+00   2.9027891e-02  -8.0204632e-03
   4.9300000e+02   4.1711356e+00   2.9751326e-02  -5.9902616e-03   4.1711356e+00   2.9751326e-02  -5.9902616e-03
   4.9310000e+02   4.1711748e+00   3.0351168e-02  -3.9417648e-03   4.1711748e+00   3.0351168e-02  -3.9417648e-03
   4.9320000e+02   4.1712084e+00   3.0825376e-02  -1.8825942e-03   4.1712084e+00   3.0825376e-02  -1.8825942e-03
   4.9330000e+02   4.1712360e+00   3.1172496e-02   1.7950353e-04   4.1712360e+00   3.1172496e-02   1.7950353e-04
   4.9340000e+02   4.1712568e+00   3.1391683e-02   2.2366672e-03   4.1712568e+00   3.1391683e-02   2.2366672e-03
   4.9350000e+02   4.1712704e+00   3.1482706e-02   4.2809388e-03   4.1712704e+00   3.1482706e-02   4.2809388e-03
   4.9360000e+02   4.1712764e+00   3.1445920e-02   6.3042908e-03   4.1712764e+00   3.1445920e-02   6.3042908e-03
   4.9370000e+02   4.1712744e+00   3.1282223e-02   8.2986628e-03   4.1712744e+00   3.1282223e-02   8.2986628e-03
   4.9380000e+02   4.1712648e+00   3.0992985e-02   1.0256010e-02   4.1712648e+00   3.0992985e-02   1.0256010e-02
   4.9390000e+02   4.1712476e+00   3.0579978e-02   1.2168362e-02   4.1712476e+00   3.0579978e-02   1.2168362e-02
   4.9400000e+02   4.1712224e+00   3.0045305e-02   1.4027884e-02   4.1712224e+00   3.0045305e-02   1.4027884e-02
   4.9410000e+02   4.1711900e+00   2.9391350e-02   1.5826938e-02   4.1711900e+00   2.9391350e-02   1.5826938e-02
   4.9420000e+02   4.1711504e+00   2.8620753e-02   1.7558121e-02   4.1711504e+00   2.8620753e-02   1.7558121e-02
   4.9430000e+02   4.1711044e+00   2.7736410e-02   1.9214314e-02   4.1711044e+00   2.7736410e-02   1.9214314e-02
   4.9440000e+02   4.1710524e+00   2.6741492e-02   2.0788704e-02   4.1710524e+00   2.6741492e-02   2.0788704e-02
   4.9450000e+02   4.1709952e+00   2.5639474e-02   2.2274820e-02   4.1709952e+00   2.5639474e-02   2.2274820e-02
   4.9460000e+02   4.1709340e+00   2.4434158e-02   2.3666567e-02   4.1709340e+00   2.4434158e-02   2.3666567e-02
   4.9470000e+02   4.1708692e+00   2.3129686e-02   2.4958272e-02   4.1708692e+00   2.3129686e-02   2.4958272e-02
   4.9480000e+02   4.1708020e+00   2.1730546e-02   2.6144716e-02   4.1708020e+00   2.1730546e-02   2.6144716e-02
   4.9490000e+02   4.1707332e+00   2.0241568e-02   2.7221180e-02   4.1707332e+00   2.0241568e-02   2.7221180e-02
   4.9500000e+02   4.1706636e+00   1.8667931e-02   2.8183462e-02   4.1706636e+00   1.8667931e-02   2.8183462e-02
   4.9510000e+02   4.1705948e+00   1.7015163e-02   2.9027891e-02   4.1705948e+00   1.7015163e-02   2.9027891e-02
   4.9520000e+02   4.1705276e+00   1.5289153e-02   2.9751326e-02   4.1705276e+00   1.5289153e-02   2.9751326e-02
   4.9530000e+02   4.1704628e+00   1.3496155e-02   3.0351168e-02   4.1704628e+00   1.3496155e-02   3.0351168e-02
   4.9540000e+02   4.1704012e+00   1.1642785e-02   3.0825376e-02   4.1704012e+00   1.1642785e-02   3.0825376e-02
   4.9550000e+02   4.1703436e+00   9.7359944e-03   3.1172496e-02   4.1703436e+00   9.7359944e-03   3.1172496e-02
   4.9560000e+02   4.1702916e+00   7.7830288e-03   3.1391683e-02   4.1702916e+00   7.7830288e-03   3.1391683e-02
   4.9570000e+02   4.1702448e+00   5.7913652e-03   3.1482706e-02   4.1702448e+00   5.7913652e-03   3.1482706e-02
   4.9580000e+02   4.1702048e+00   3.7686515e-03   3.1445920e-02   4.1702048e+00   3.7686515e-03   3.1445920e-02
   4.9590000e+02   4.1701716e+00   1.7226539e-03   3.1282223e-02   4.1701716e+00   1.7226539e-03   3.1282223e-02
   4.9600000e+02   4.1701464e+00  -3.3877886e-04   3.0992985e-02   4.1701464e+00  -3.3877886e-04   3.0992985e-02
   4.9610000e+02   4.1701288e+00  -2.4077428e-03   3.0579978e-02   4.1701288e+00  -2.4077428e-03   3.0579978e-02
   4.9620000e+02   4.1701200e+00  -4.4763024e-03   3.0045305e-02   4.1701200e+00  -4.4763024e-03   3.0045305e-02
   4.9630000e+02   4.1701196e+00  -6.5365116e-03   2.9391350e-02   4.1701196e+00  -6.5365116e-03   2.9391350e-02
   4.9640000e+02   4.1701276e+00  -8.5804300e-03   2.8620753e-02   4.1701276e+00  -8.5804300e-03   2.8620753e-02
   4.9650000e+02   4.1701444e+00  -1.0600125e-02   2.7736410e-02   4.1701444e+00  -1.0600125e-02   2.7736410e-02
   4.9660000e+02   4.1701688e+00  -1.2587670e-02   2.6741492e-02   4.1701688e+00  -1.2587670e-02   2.6741492e-02
   4.9670000e+02   4.1702016e+00  -1.4535156e-02   2.5639474e-02   4.1702016e+00  -1.4535156e-02   2.5639474e-02
   4.9680000e+02   4.1702412e+00  -1.6434715e-02   2.4434158e-02   4.1702412e+00  -1.6434715e-02   2.4434158e-02
   4.9690000e+02   4.1702876e+00  -1.8278582e-02   2.3129686e-02   4.1702876e+00  -1.8278582e-02   2.3129686e-02
   4.9700000e+02   4.1703400e+00  -2.0059170e-02   2.1730546e-02   4.1703400e+00  -2.0059170e-02   2.1730546e-02
   4.9710000e+02   4.1703976e+00  -2.1769151e-02   2.0241568e-02   4.1703976e+00  -2.1769151e-02   2.0241568e-02
   4.9720000e+02   4.1704592e+00  -2.3401519e-02   1.8667931e-02   4.1704592e+00  -2.3401519e-02   1.8667931e-02
   4.9730000e+02   4.1705244e+00  -2.4949630e-02   1.7015163e-02   4.1705244e+00  -2.4949630e-02   1.7015163e-02
   4.9740000e+02   4.1705924e+00  -2.6407202e-02   1.5289153e-02   4.1705924e+00  -2.6407202e-02   1.5289153e-02
   4.9750000e+02   4.1706620e+00  -2.7768308e-02   1.3496155e-02   4.1706620e+00  -2.7768308e-02   1.3496155e-02
   4.9760000e+02   4.1707320e+00  -2.9027368e-02   1.1642785e-02   4.1707320e+00  -2.9027368e-02   1.1642785e-02
   4.9770000e+02   4.1708016e+00  -3.0179164e-02   9.7359944e-03   4.1708016e+00  -3.0179164e-02   9.7359944e-03
   4.9780000e+02   4.1708700e+00  -3.1218895e-02   7.7830288e-03   4.1708700e+00  -3.1218895e-02   7.7830288e-03
   4.9790000e+02   4.1709356e+00  -3.2142261e-02   5.7913652e-03   4.1709356e+00  -3.2142261e-02   5.7913652e-03
   4.9800000e+02   4.1709980e+00  -3.2945572e-02   3.7686515e-03   4.1709980e+00  -3.2945572e-02   3.7686515e-03
   4.9810000e+02   4.1710560e+00  -3.3625844e-02   1.7226539e-03   4.1710560e+00  -3.3625844e-02   1.7226539e-03
   4.9820000e+02   4.1711088e+00  -3.4180862e-02  -3.3877886e-04   4.1711088e+00  -3.4180862e-02  -3.3877886e-04
   4.9830000e+02   4.1711560e+00  -3.4609184e-02  -2.4077428e-03   4.1711560e+00  -3.4609184e-02  -2.4077428e-03
   4.9840000e+02   4.1711968e+00  -3.4910070e-02  -4.4763024e-03   4.1711968e+00  -3.4910070e-02  -4.4763024e-03
   4.9850000e+02   4.1712304e+00  -3.5083376e-02  -6.5365116e-03   4.1712304e+00  -3.5083376e-02  -6.5365116e-03
   4.9860000e+02   4.1712568e+00  -3.5129415e-02  -8.5804300e-03   4.1712568e+00  -3.5129415e-02  -8.5804300e-03
   4.9870000e+02   4.1712760e+00  -3.5048850e-02  -1.0600125e-02   4.1712760e+00  -3.5048850e-02  -1.0600125e-02
   4.9880000e+02   4.1712872e+00  -3.4842622e-02  -1.2587670e-02   4.1712872e+00  -3.4842622e-02  -1.2587670e-02
   4.9890000e+02   4.1712908e+00  -3.4511939e-02  -1.4535156e-02   4.1712908e+00  -3.4511939e-02  -1.4535156e-02
   4.9900000e+02   4.1712868e+00  -3.4058308e-02  -1.6434715e-02   4.1712868e+00  -3.4058308e-02  -1.6434715e-02
   4.9910000e+02   4.1712752e+00  -3.3483584e-02  -1.8278582e-02   4.1712752e+00  -3.3483584e-02  -1.8278582e-02
   4.9920000e+02   4.1712564e+00  -3.2790024e-02  -2.0059170e-02   4.1712564e+00  -3.2790024e-02  -2.0059170e-02
   4.9930000e+02   4.1712312e+00  -3.1980314e-02  -2.1769151e-02   4.1712312e+00  -3.1980314e-02  -2.1769151e-02
   4.9940000e+02   4.1711992e+00  -3.1057582e-02  -2.3401519e-02   4.1711992e+00  -3.1057582e-02  -2.3401519e-02
   4.9950000e+02   4.1711620e+00  -3.0025370e-02  -2.4949630e-02   4.1711620e+00  -3.0025370e-02  -2.4949630e-02
   4.9960000e+02   4.1711196e+00  -2.8887610e-02  -2.6407202e-02   4.1711196e+00  -2.8887610e-02  -2.6407202e-02
   4.9970000e+02   4.1710724e+00  -2.7648567e-02  -2.7768308e-02   4.1710724e+00  -2.7648567e-02  -2.7768308e-02
   4.9980000e+02   4.1710220e+00  -2.6312795e-02  -2.9027368e-02   4.1710220e+00  -2.6312795e-02  -2.9027368e-02
   4.9990000e+02   4.1709688e+00  -2.4885112e-02  -3.0179164e-02   4.1709688e+00  -2.4885112e-02  -3.0179164e-02
   5.0000000e+02   4.1709128e+00  -2.3370389e-02  -3.1218895e-02   4.1709128e+00  -2.3370389e-02  -3.1218895e-02
   5.0010000e+02   4.1708540e+00  -2.1773498e-02  -3.2142261e-02   4.1708540e+00  -2.1773498e-02  -3.2142261e-02
