   4.5000000e+02   3.5183107e+00  -7.6638152e-04   3.7922822e-02   3.5183107e+00  -7.6638152e-04   3.7922822e-02
   4.5010000e+02   3.5188826e+00  -6.2096576e-03   4.0843800e-02   3.5188826e+00  -6.2096576e-03   4.0843800e-02
   4.5020000e+02   3.5194377e+00  -1.1681053e-02   4.3348332e-02   3.5194377e+00  -1.1681053e-02   4.3348332e-02
   4.5030000e+02   3.5199707e+00  -1.7130681e-02   4.5411940e-02   3.5199707e+00  -1.7130681e-02   4.5411940e-02
   4.5040000e+02   3.5204769e+00  -2.2508382e-02   4.7014000e-02   3.5204769e+00  -2.2508382e-02   4.7014000e-02
   4.5050000e+02   3.5209516e+00  -2.7764202e-02   4.8138000e-02   3.5209516e+00  -2.7764202e-02   4.8138000e-02
   4.5060000e+02   3.5213903e+00  -3.2848899e-02   4.8771768e-02   3.5213903e+00  -3.2848899e-02   4.8771768e-02
   4.5070000e+02   3.5217888e+00  -3.7714476e-02   4.8907596e-02   3.5217888e+00  -3.7714476e-02   4.8907596e-02
   4.5080000e+02   3.5221430e+00  -4.2314760e-02   4.8542252e-02   3.5221430e+00  -4.2314760e-02   4.8542252e-02
   4.5090000e+02   3.5224493e+00  -4.6605952e-02   4.7676992e-02   3.5224493e+00  -4.6605952e-02   4.7676992e-02
   4.5100000e+02   3.5227045e+00  -5.0547088e-02   4.6317516e-02   3.5227045e+00  -5.0547088e-02   4.6317516e-02
   4.5110000e+02   3.5229058e+00  -5.4100372e-02   4.4473968e-02   3.5229058e+00  -5.4100372e-02   4.4473968e-02
   4.5120000e+02   3.5230511e+00  -5.7231364e-02   4.2160896e-02   3.5230511e+00  -5.7231364e-02   4.2160896e-02
   4.5130000e+02   3.5231392e+00  -5.9909112e-02   3.9397218e-02   3.5231392e+00  -5.9909112e-02   3.9397218e-02
   4.5140000e+02   3.5231692e+00  -6.2106316e-02   3.6206082e-02   3.5231692e+00  -6.2106316e-02   3.6206082e-02
   4.5150000e+02   3.5231412e+00  -6.3799532e-02   3.2614621e-02   3.5231412e+00  -6.3799532e-02   3.2614621e-02
   4.5160000e+02   3.5230555e+00  -6.4969548e-02   2.8653639e-02   3.5230555e+00  -6.4969548e-02   2.8653639e-02
   4.5170000e+02   3.5229131e+00  -6.5601752e-02   2.4357266e-02   3.5229131e+00  -6.5601752e-02   2.4357266e-02
   4.5180000e+02   3.5227156e+00  -6.5686480e-02   1.9762632e-02   3.5227156e+00  -6.5686480e-02   1.9762632e-02
   4.5190000e+02   3.5224651e+00  -6.5219284e-02   1.4909582e-02   3.5224651e+00  -6.5219284e-02   1.4909582e-02
   4.5200000e+02   3.5221643e+00  -6.4200976e-02   9.8404172e-03   3.5221643e+00  -6.4200976e-02   9.8404172e-03
   4.5210000e+02   3.5218170e+00  -6.2637548e-02   4.5996312e-03   3.5218170e+00  -6.2637548e-02   4.5996312e-03
   4.5220000e+02   3.5214274e+00  -6.0539988e-02  -7.6638152e-04   3.5214274e+00  -6.0539988e-02  -7.6638152e-04
   4.5230000e+02   3.5210004e+00  -5.7924088e-02  -6.2096576e-03   3.5210004e+00  -5.7924088e-02  -6.2096576e-03
   4.5240000e+02   3.5205412e+00  -5.4810372e-02  -1.1681053e-02   3.5205412e+00  -5.4810372e-02  -1.1681053e-02
   4.5250000e+02   3.5200556e+00  -5.1224004e-02  -1.7130681e-02   3.5200556e+00  -5.1224004e-02  -1.7130681e-02
   4.5260000e+02   3.5195493e+00  -4.7194652e-02  -2.2508382e-02   3.5195493e+00  -4.7194652e-02  -2.2508382e-02
   4.5270000e+02   3.5190285e+00  -4.2756232e-02  -2.7764202e-02   3.5190285e+00  -4.2756232e-02  -2.7764202e-02
   4.5280000e+02   3.5184993e+00  -3.7946505e-02  -3.2848899e-02   3.5184993e+00  -3.7946505e-02  -3.2848899e-02
   4.5290000e+02   3.5179683e+00  -3.2806688e-02  -3.7714476e-02   3.5179683e+00  -3.2806688e-02  -3.7714476e-02
   4.5300000e+02   3.5174421e+00  -2.7381068e-02  -4.2314760e-02   3.5174421e+00  -2.7381068e-02  -4.2314760e-02
   4.5310000e+02   3.5169276e+00  -2.1716634e-02  -4.6605952e-02   3.5169276e+00  -2.1716634e-02  -4.6605952e-02
   4.5320000e+02   3.5164316e+00  -1.5862666e-02  -5.0547088e-02   3.5164316e+00  -1.5862666e-02  -5.0547088e-02
   4.5330000e+02   3.5159608e+00  -9.8702500e-03  -5.4100372e-02   3.5159608e+00  -9.8702500e-03  -5.4100372e-02
   4.5340000e+02   3.5155220e+00  -3.7916907e-03  -5.7231364e-02   3.5155220e+00  -3.7916907e-03  -5.7231364e-02
   4.5350000e+02   3.5151212e+00   2.3201282e-03  -5.9909112e-02   3.5151212e+00   2.3201282e-03  -5.9909112e-02
   4.5360000e+02   3.5147640e+00   8.4123656e-03  -6.2106316e-02   3.5147640e+00   8.4123656e-03  -6.2106316e-02
   4.5370000e+02   3.5144556e+00   1.4432762e-02  -6.3799532e-02   3.5144556e+00   1.4432762e-02  -6.3799532e-02
   4.5380000e+02   3.5141999e+00   2.0330068e-02  -6.4969548e-02   3.5141999e+00   2.0330068e-02  -6.4969548e-02
   4.5390000e+02   3.5140006e+00   2.6054372e-02  -6.5601752e-02   3.5140006e+00   2.6054372e-02  -6.5601752e-02
   4.5400000e+02   3.5138601e+00   3.1557335e-02  -6.5686480e-02   3.5138601e+00   3.1557335e-02  -6.5686480e-02
   4.5410000e+02   3.5137802e+00   3.6792372e-02  -6.5219284e-02   3.5137802e+00   3.6792372e-02  -6.5219284e-02
   4.5420000e+02   3.5137622e+00   4.1714820e-02  -6.4200976e-02   3.5137622e+00   4.1714820e-02  -6.4200976e-02
   4.5430000e+02   3.5138063e+00   4.6282180e-02  -6.2637548e-02   3.5138063e+00   4.6282180e-02  -6.2637548e-02
   4.5440000e+02   3.5139124e+00   5.0454504e-02  -6.0539988e-02   3.5139124e+00   5.0454504e-02  -6.0539988e-02
   4.5450000e+02   3.5140802e+00   5.4194900e-02  -5.7924088e-02   3.5140802e+00   5.4194900e-02  -5.7924088e-02
   4.5460000e+02   3.5143086e+00   5.7470080e-02  -5.4810372e-02   3.5143086e+00   5.7470080e-02  -5.4810372e-02
   4.5470000e+02   3.5145962e+00   6.0250784e-02  -5.1224004e-02   3.5145962e+00   6.0250784e-02  -5.1224004e-02
   4.5480000e+02   3.5149414e+00   6.2512084e-02  -4.7194652e-02   3.5149414e+00   6.2512084e-02  -4.7194652e-02
   4.5490000e+02   3.5153420e+00   6.4233528e-02  -4.2756232e-02   3.5153420e+00   6.4233528e-02  -4.2756232e-02
   4.5500000e+02   3.5157950e+00   6.5399272e-02  -3.7946505e-02   3.5157950e+00   6.5399272e-02  -3.7946505e-02
   4.5510000e+02   3.5162973e+00   6.5998144e-02  -3.2806688e-02   3.5162973e+00   6.5998144e-02  -3.2806688e-02
   4.5520000e+02   3.5168448e+00   6.6023736e-02  -2.7381068e-02   3.5168448e+00   6.6023736e-02  -2.7381068e-02
   4.5530000e+02   3.5174328e+00   6.5474484e-02  -2.1716634e-02   3.5174328e+00   6.5474484e-02  -2.1716634e-02
   4.5540000e+02   3.5180563e+00   6.4353732e-02  -1.5862666e-02   3.5180563e+00   6.4353732e-02  -1.5862666e-02
   4.5550000e+02   3.5187096e+00   6.2669768e-02  -9.8702500e-03   3.5187096e+00   6.2669768e-02  -9.8702500e-03
   4.5560000e+02   3.5193866e+00   6.0435836e-02  -3.7916907e-03   3.5193866e+00   6.0435836e-02  -3.7916907e-03
   4.5570000e+02   3.5200810e+00   5.7670072e-02   2.3201282e-03   3.5200810e+00   5.7670072e-02   2.3201282e-03
   4.5580000e+02   3.5207863e+00   5.4395408e-02   8.4123656e-03   3.5207863e+00   5.4395408e-02   8.4123656e-03
   4.5590000e+02   3.5214961e+00   5.0639356e-02   1.4432762e-02   3.5214961e+00   5.0639356e-02   1.4432762e-02
   4.5600000e+02   3.5222036e+00   4.6433760e-02   2.0330068e-02   3.5222036e+00   4.6433760e-02   2.0330068e-02
   4.5610000e+02   3.5229026e+00   4.1814440e-02   2.6054372e-02   3.5229026e+00   4.1814440e-02   2.6054372e-02
   4.5620000e+02   3.5235864e+00   3.6820799e-02   3.1557335e-02   3.5235864e+00   3.6820799e-02   3.1557335e-02
   4.5630000e+02   3.5242487e+00   3.1495453e-02   3.6792372e-02   3.5242487e+00   3.1495453e-02   3.6792372e-02
   4.5640000e+02   3.5248834e+00   2.5883903e-02   4.1714820e-02   3.5248834e+00   2.5883903e-02   4.1714820e-02
   4.5650000e+02   3.5254846e+00   2.0034246e-02   4.6282180e-02   3.5254846e+00   2.0034246e-02   4.6282180e-02
   4.5660000e+02   3.5260466e+00   1.3996897e-02   5.0454504e-02   3.5260466e+00   1.3996897e-02   5.0454504e-02
   4.5670000e+02   3.5265643e+00   7.8243032e-03   5.4194900e-02   3.5265643e+00   7.8243032e-03   5.4194900e-02
   4.5680000e+02   3.5270328e+00   1.5706168e-03   5.7470080e-02   3.5270328e+00   1.5706168e-03   5.7470080e-02
   4.5690000e+02   3.5274478e+00  -4.7087100e-03   6.0250784e-02   3.5274478e+00  -4.7087100e-03   6.0250784e-02
   4.5700000e+02   3.5278060e+00  -1.0957425e-02   6.2512084e-02   3.5278060e+00  -1.0957425e-02   6.2512084e-02
   4.5710000e+02   3.5281039e+00  -1.7119080e-02   6.4233528e-02   3.5281039e+00  -1.7119080e-02   6.4233528e-02
   4.5720000e+02   3.5283392e+00  -2.3137707e-02   6.5399272e-02   3.5283392e+00  -2.3137707e-02   6.5399272e-02
   4.5730000e+02   3.5285098e+00  -2.8958507e-02   6.5998144e-02   3.5285098e+00  -2.8958507e-02   6.5998144e-02
   4.5740000e+02   3.5286141e+00  -3.4528526e-02   6.6023736e-02   3.5286141e+00  -3.4528526e-02   6.6023736e-02
   4.5750000e+02   3.5286513e+00  -3.9797260e-02   6.5474484e-02   3.5286513e+00  -3.9797260e-02   6.5474484e-02
   4.5760000e+02   3.5286213e+00  -4.4717160e-02   6.4353732e-02   3.5286213e+00  -4.4717160e-02   6.4353732e-02
   4.5770000e+02   3.5285247e+00  -4.9243972e-02   6.2669768e-02   3.5285247e+00  -4.9243972e-02   6.2669768e-02
   4.5780000e+02   3.5283630e+00  -5.3336924e-02   6.0435836e-02   3.5283630e+00  -5.3336924e-02   6.0435836e-02
   4.5790000e+02   3.5281388e+00  -5.6958832e-02   5.7670072e-02   3.5281388e+00  -5.6958832e-02   5.7670072e-02
   4.5800000e+02   3.5278553e+00  -6.0076256e-02   5.4395408e-02   3.5278553e+00  -6.0076256e-02   5.4395408e-02
   4.5810000e+02   3.5275166e+00  -6.2659748e-02   5.0639356e-02   3.5275166e+00  -6.2659748e-02   5.0639356e-02
   4.5820000e+02   3.5271274e+00  -6.4684208e-02   4.6433760e-02   3.5271274e+00  -6.4684208e-02   4.6433760e-02
   4.5830000e+02   3.5266928e+00  -6.6129272e-02   4.1814440e-02   3.5266928e+00  -6.6129272e-02   4.1814440e-02
   4.5840000e+02   3.5262182e+00  -6.6979664e-02   3.6820799e-02   3.5262182e+00  -6.6979664e-02   3.6820799e-02
   4.5850000e+02   3.5257093e+00  -6.7225476e-02   3.1495453e-02   3.5257093e+00  -6.7225476e-02   3.1495453e-02
   4.5860000e+02   3.5251720e+00  -6.6862304e-02   2.5883903e-02   3.5251720e+00  -6.6862304e-02   2.5883903e-02
   4.5870000e+02   3.5246127e+00  -6.5891292e-02   2.0034246e-02   3.5246127e+00  -6.5891292e-02   2.0034246e-02
   4.5880000e+02   3.5240379e+00  -6.4319028e-02   1.3996897e-02   3.5240379e+00  -6.4319028e-02   1.3996897e-02
   4.5890000e+02   3.5234544e+00  -6.2157500e-02   7.8243032e-03   3.5234544e+00  -6.2157500e-02   7.8243032e-03
   4.5900000e+02   3.5228689e+00  -5.9424028e-02   1.5706168e-03   3.5228689e+00  -5.9424028e-02   1.5706168e-03
   4.5910000e+02   3.5222881e+00  -5.6141276e-02  -4.7087100e-03   3.5222881e+00  -5.6141276e-02  -4.7087100e-03
   4.5920000e+02   3.5217184e+00  -5.2337188e-02  -1.0957425e-02   3.5217184e+00  -5.2337188e-02  -1.0957425e-02
   4.5930000e+02   3.5211658e+00  -4.8044764e-02  -1.7119080e-02   3.5211658e+00  -4.8044764e-02  -1.7119080e-02
   4.5940000e+02   3.5206358e+00  -4.3301684e-02  -2.3137707e-02   3.5206358e+00  -4.3301684e-02  -2.3137707e-02
   4.5950000e+02   3.5201335e+00  -3.8149781e-02  -2.8958507e-02   3.5201335e+00  -3.8149781e-02  -2.8958507e-02
   4.5960000e+02   3.5196634e+00  -3.2634517e-02  -3.4528526e-02   3.5196634e+00  -3.2634517e-02  -3.4528526e-02
   4.5970000e+02   3.5192295e+00  -2.6804549e-02  -3.9797260e-02   3.5192295e+00  -2.6804549e-02  -3.9797260e-02
   4.5980000e+02   3.5188353e+00  -2.0711332e-02  -4.4717160e-02   3.5188353e+00  -2.0711332e-02  -4.4717160e-02
   4.5990000e+02   3.5184838e+00  -1.4408726e-02  -4.9243972e-02   3.5184838e+00  -1.4408726e-02  -4.9243972e-02
   4.6000000e+02   3.5181773e+00  -7.9525484e-03  -5.3336924e-02   3.5181773e+00  -7.9525484e-03  -5.3336924e-02
   4.6010000e+02   3.5179175e+00  -1.4000806e-03  -5.6958832e-02   3.5179175e+00  -1.4000806e-03  -5.6958832e-02
   4.6020000e+02   3.5177056e+00   5.1904556e-03  -6.0076256e-02   3.5177056e+00   5.1904556e-03  -6.0076256e-02
   4.6030000e+02   3.5175418e+00   1.1760433e-02  -6.2659748e-02   3.5175418e+00   1.1760433e-02  -6.2659748e-02
   4.6040000e+02   3.5174260e+00   1.8251396e-02  -6.4684208e-02   3.5174260e+00   1.8251396e-02  -6.4684208e-02
   4.6050000e+02   3.5173570e+00   2.4605696e-02  -6.6129272e-02   3.5173570e+00   2.4605696e-02  -6.6129272e-02
   4.6060000e+02   3.5173334e+00   3.0767148e-02  -6.6979664e-02   3.5173334e+00   3.0767148e-02  -6.6979664e-02
   4.6070000e+02   3.5173530e+00   3.6681652e-02  -6.7225476e-02   3.5173530e+00   3.6681652e-02  -6.7225476e-02
   4.6080000e+02   3.5174133e+00   4.2297692e-02  -6.6862304e-02   3.5174133e+00   4.2297692e-02  -6.6862304e-02
   4.6090000e+02   3.5175114e+00   4.7566724e-02  -6.5891292e-02   3.5175114e+00   4.7566724e-02  -6.5891292e-02
   4.6100000e+02   3.5176440e+00   5.2443488e-02  -6.4319028e-02   3.5176440e+00   5.2443488e-02  -6.4319028e-02
   4.6110000e+02   3.5178079e+00   5.6886304e-02  -6.2157500e-02   3.5178079e+00   5.6886304e-02  -6.2157500e-02
   4.6120000e+02   3.5179996e+00   6.0857304e-02  -5.9424028e-02   3.5179996e+00   6.0857304e-02  -5.9424028e-02
   4.6130000e+02   3.5182156e+00   6.4322672e-02  -5.6141276e-02   3.5182156e+00   6.4322672e-02  -5.6141276e-02
   4.6140000e+02   3.5184522e+00   6.7252896e-02  -5.2337188e-02   3.5184522e+00   6.7252896e-02  -5.2337188e-02
   4.6150000e+02   3.5187060e+00   6.9623016e-02  -4.8044764e-02   3.5187060e+00   6.9623016e-02  -4.8044764e-02
   4.6160000e+02   3.5189732e+00   7.1412960e-02  -4.3301684e-02   3.5189732e+00   7.1412960e-02  -4.3301684e-02
   4.6170000e+02   3.5192501e+00   7.2607876e-02  -3.8149781e-02   3.5192501e+00   7.2607876e-02  -3.8149781e-02
   4.6180000e+02   3.5195331e+00   7.3198380e-02  -3.2634517e-02   3.5195331e+00   7.3198380e-02  -3.2634517e-02
   4.6190000e+02   3.5198185e+00   7.3180736e-02  -2.6804549e-02   3.5198185e+00   7.3180736e-02  -2.6804549e-02
   4.6200000e+02   3.5201027e+00   7.2556884e-02  -2.0711332e-02   3.5201027e+00   7.2556884e-02  -2.0711332e-02
   4.6210000e+02   3.5203822e+00   7.1334440e-02  -1.4408726e-02   3.5203822e+00   7.1334440e-02  -1.4408726e-02
   4.6220000e+02   3.5206534e+00   6.9526628e-02  -7.9525484e-03   3.5206534e+00   6.9526628e-02  -7.9525484e-03
   4.6230000e+02   3.5209130e+00   6.7152168e-02  -1.4000806e-03   3.5209130e+00   6.7152168e-02  -1.4000806e-03
   4.6240000e+02   3.5211577e+00   6.4235052e-02   5.1904556e-03   3.5211577e+00   6.4235052e-02   5.1904556e-03
   4.6250000e+02   3.5213844e+00   6.0804212e-02   1.1760433e-02   3.5213844e+00   6.0804212e-02   1.1760433e-02
   4.6260000e+02   3.5215902e+00   5.6893056e-02   1.8251396e-02   3.5215902e+00   5.6893056e-02   1.8251396e-02
   4.6270000e+02   3.5217722e+00   5.2538916e-02   2.4605696e-02   3.5217722e+00   5.2538916e-02   2.4605696e-02
   4.6280000e+02   3.5219277e+00   4.7782492e-02   3.0767148e-02   3.5219277e+00   4.7782492e-02   3.0767148e-02
   4.6290000e+02   3.5220543e+00   4.2667352e-02   3.6681652e-02   3.5220543e+00   4.2667352e-02   3.6681652e-02
   4.6300000e+02   3.5221496e+00   3.7239568e-02   4.2297692e-02   3.5221496e+00   3.7239568e-02   4.2297692e-02
   4.6310000e+02   3.5222113e+00   3.1547508e-02   4.7566724e-02   3.5222113e+00   3.1547508e-02   4.7566724e-02
   4.6320000e+02   3.5222376e+00   2.5641676e-02   5.2443488e-02   3.5222376e+00   2.5641676e-02   5.2443488e-02
   4.6330000e+02   3.5222267e+00   1.9574520e-02   5.6886304e-02   3.5222267e+00   1.9574520e-02   5.6886304e-02
   4.6340000e+02   3.5221773e+00   1.3400111e-02   6.0857304e-02   3.5221773e+00   1.3400111e-02   6.0857304e-02
   4.6350000e+02   3.5220882e+00   7.1737012e-03   6.4322672e-02   3.5220882e+00   7.1737012e-03   6.4322672e-02
   4.6360000e+02   3.5219586e+00   9.5118580e-04   6.7252896e-02   3.5219586e+00   9.5118580e-04   6.7252896e-02
   4.6370000e+02   3.5217880e+00  -5.2114492e-03   6.9623016e-02   3.5217880e+00  -5.2114492e-03   6.9623016e-02
   4.6380000e+02   3.5215762e+00  -1.1258665e-02   7.1412960e-02   3.5215762e+00  -1.1258665e-02   7.1412960e-02
   4.6390000e+02   3.5213232e+00  -1.7135861e-02   7.2607876e-02   3.5213232e+00  -1.7135861e-02   7.2607876e-02
   4.6400000e+02   3.5210293e+00  -2.2789824e-02   7.3198380e-02   3.5210293e+00  -2.2789824e-02   7.3198380e-02
   4.6410000e+02   3.5206953e+00  -2.8169166e-02   7.3180736e-02   3.5206953e+00  -2.8169166e-02   7.3180736e-02
   4.6420000e+02   3.5203224e+00  -3.3224769e-02   7.2556884e-02   3.5203224e+00  -3.3224769e-02   7.2556884e-02
   4.6430000e+02   3.5199122e+00  -3.7910261e-02   7.1334440e-02   3.5199122e+00  -3.7910261e-02   7.1334440e-02
   4.6440000e+02   3.5194672e+00  -4.2182476e-02   6.9526628e-02   3.5194672e+00  -4.2182476e-02   6.9526628e-02
   4.6450000e+02   3.5189900e+00  -4.6001884e-02   6.7152168e-02   3.5189900e+00  -4.6001884e-02   6.7152168e-02
   4.6460000e+02   3.5184845e+00  -4.9332964e-02   6.4235052e-02   3.5184845e+00  -4.9332964e-02   6.4235052e-02
   4.6470000e+02   3.5179544e+00  -5.2144544e-02   6.0804212e-02   3.5179544e+00  -5.2144544e-02   6.0804212e-02
   4.6480000e+02   3.5174042e+00  -5.4410132e-02   5.6893056e-02   3.5174042e+00  -5.4410132e-02   5.6893056e-02
   4.6490000e+02   3.5168387e+00  -5.6108244e-02   5.2538916e-02   3.5168387e+00  -5.6108244e-02   5.2538916e-02
   4.6500000e+02   3.5162626e+00  -5.7222692e-02   4.7782492e-02   3.5162626e+00  -5.7222692e-02   4.7782492e-02
   4.6510000e+02   3.5156811e+00  -5.7742812e-02   4.2667352e-02   3.5156811e+00  -5.7742812e-02   4.2667352e-02
   4.6520000e+02   3.5150995e+00  -5.7663580e-02   3.7239568e-02   3.5150995e+00  -5.7663580e-02   3.7239568e-02
   4.6530000e+02   3.5145234e+00  -5.6985624e-02   3.1547508e-02   3.5145234e+00  -5.6985624e-02   3.1547508e-02
   4.6540000e+02   3.5139589e+00  -5.5715144e-02   2.5641676e-02   3.5139589e+00  -5.5715144e-02   2.5641676e-02
   4.6550000e+02   3.5134119e+00  -5.3863784e-02   1.9574520e-02   3.5134119e+00  -5.3863784e-02   1.9574520e-02
   4.6560000e+02   3.5128888e+00  -5.1448476e-02   1.3400111e-02   3.5128888e+00  -5.1448476e-02   1.3400111e-02
   4.6570000e+02   3.5123955e+00  -4.8491400e-02   7.1737012e-03   3.5123955e+00  -4.8491400e-02   7.1737012e-03
   4.6580000e+02   3.5119378e+00  -4.5019872e-02   9.5118580e-04   3.5119378e+00  -4.5019872e-02   9.5118580e-04
   4.6590000e+02   3.5115213e+00  -4.1066236e-02  -5.2114492e-03   3.5115213e+00  -4.1066236e-02  -5.2114492e-03
   4.6600000e+02   3.5111508e+00  -3.6667575e-02  -1.1258665e-02   3.5111508e+00  -3.6667575e-02  -1.1258665e-02
   4.6610000e+02   3.5108306e+00  -3.1865314e-02  -1.7135861e-02   3.5108306e+00  -3.1865314e-02  -1.7135861e-02
   4.6620000e+02   3.5105645e+00  -2.6704715e-02  -2.2789824e-02   3.5105645e+00  -2.6704715e-02  -2.2789824e-02
   4.6630000e+02   3.5103555e+00  -2.1234368e-02  -2.8169166e-02   3.5103555e+00  -2.1234368e-02  -2.8169166e-02
   4.6640000e+02   3.5102059e+00  -1.5505708e-02  -3.3224769e-02   3.5102059e+00  -1.5505708e-02  -3.3224769e-02
   4.6650000e+02   3.5101174e+00  -9.5725640e-03  -3.7910261e-02   3.5101174e+00  -9.5725640e-03  -3.7910261e-02
   4.6660000e+02   3.5100906e+00  -3.4906884e-03  -4.2182476e-02   3.5100906e+00  -3.4906884e-03  -4.2182476e-02
   4.6670000e+02   3.5101256e+00   2.6827463e-03  -4.6001884e-02   3.5101256e+00   2.6827463e-03  -4.6001884e-02
   4.6680000e+02   3.5102216e+00   8.8897176e-03  -4.9332964e-02   3.5102216e+00   8.8897176e-03  -4.9332964e-02
   4.6690000e+02   3.5103768e+00   1.5071972e-02  -5.2144544e-02   3.5103768e+00   1.5071972e-02  -5.2144544e-02
   4.6700000e+02   3.5105889e+00   2.1171670e-02  -5.4410132e-02   3.5105889e+00   2.1171670e-02  -5.4410132e-02
   4.6710000e+02   3.5108547e+00   2.7132020e-02  -5.6108244e-02   3.5108547e+00   2.7132020e-02  -5.6108244e-02
   4.6720000e+02   3.5111702e+00   3.2897870e-02  -5.7222692e-02   3.5111702e+00   3.2897870e-02  -5.7222692e-02
   4.6730000e+02   3.5115306e+00   3.8416232e-02  -5.7742812e-02   3.5115306e+00   3.8416232e-02  -5.7742812e-02
   4.6740000e+02   3.5119304e+00   4.3636712e-02  -5.7663580e-02   3.5119304e+00   4.3636712e-02  -5.7663580e-02
   4.6750000e+02   3.5123637e+00   4.8511904e-02  -5.6985624e-02   3.5123637e+00   4.8511904e-02  -5.6985624e-02
   4.6760000e+02   3.5128236e+00   5.2997724e-02  -5.5715144e-02   3.5128236e+00   5.2997724e-02  -5.5715144e-02
   4.6770000e+02   3.5133032e+00   5.7053756e-02  -5.3863784e-02   3.5133032e+00   5.7053756e-02  -5.3863784e-02
   4.6780000e+02   3.5137950e+00   6.0643568e-02  -5.1448476e-02   3.5137950e+00   6.0643568e-02  -5.1448476e-02
   4.6790000e+02   3.5142917e+00   6.3735020e-02  -4.8491400e-02   3.5142917e+00   6.3735020e-02  -4.8491400e-02
   4.6800000e+02   3.5147861e+00   6.6300540e-02  -4.5019872e-02   3.5147861e+00   6.6300540e-02  -4.5019872e-02
   4.6810000e+02   3.5152710e+00   6.8317392e-02  -4.1066236e-02   3.5152710e+00   6.8317392e-02  -4.1066236e-02
   4.6820000e+02   3.5157398e+00   6.9767924e-02  -3.6667575e-02   3.5157398e+00   6.9767924e-02  -3.6667575e-02
   4.6830000e+02   3.5161861e+00   7.0639844e-02  -3.1865314e-02   3.5161861e+00   7.0639844e-02  -3.1865314e-02
   4.6840000e+02   3.5166042e+00   7.0926388e-02  -2.6704715e-02   3.5166042e+00   7.0926388e-02  -2.6704715e-02
   4.6850000e+02   3.5169888e+00   7.0626364e-02  -2.1234368e-02   3.5169888e+00   7.0626364e-02  -2.1234368e-02
   4.6860000e+02   3.5173351e+00   6.9744044e-02  -1.5505708e-02   3.5173351e+00   6.9744044e-02  -1.5505708e-02
   4.6870000e+02   3.5176391e+00   6.8288928e-02  -9.5725640e-03   3.5176391e+00   6.8288928e-02  -9.5725640e-03
   4.6880000e+02   3.5178974e+00   6.6275492e-02  -3.4906884e-03   3.5178974e+00   6.6275492e-02  -3.4906884e-03
   4.6890000e+02   3.5181072e+00   6.3722892e-02   2.6827463e-03   3.5181072e+00   6.3722892e-02   2.6827463e-03
   4.6900000e+02   3.5182666e+00   6.0654724e-02   8.8897176e-03   3.5182666e+00   6.0654724e-02   8.8897176e-03
   4.6910000e+02   3.5183743e+00   5.7098708e-02   1.5071972e-02   3.5183743e+00   5.7098708e-02   1.5071972e-02
   4.6920000e+02   3.5184302e+00   5.3086388e-02   2.1171670e-02   3.5184302e+00   5.3086388e-02   2.1171670e-02
   4.6930000e+02   3.5184346e+00   4.8652732e-02   2.7132020e-02   3.5184346e+00   4.8652732e-02   2.7132020e-02
   4.6940000e+02   3.5183891e+00   4.3835808e-02   3.2897870e-02   3.5183891e+00   4.3835808e-02   3.2897870e-02
   4.6950000e+02   3.5182957e+00   3.8676478e-02   3.8416232e-02   3.5182957e+00   3.8676478e-02   3.8416232e-02
   4.6960000e+02   3.5181574e+00   3.3218188e-02   4.3636712e-02   3.5181574e+00   3.3218188e-02   4.3636712e-02
   4.6970000e+02   3.5179777e+00   2.7506783e-02   4.8511904e-02   3.5179777e+00   2.7506783e-02   4.8511904e-02
   4.6980000e+02   3.5177609e+00   2.1590262e-02   5.2997724e-02   3.5177609e+00   2.1590262e-02   5.2997724e-02
   4.6990000e+02   3.5175118e+00   1.5518434e-02   5.7053756e-02   3.5175118e+00   1.5518434e-02   5.7053756e-02
   4.7000000e+02   3.5172356e+00   9.3424792e-03   6.0643568e-02   3.5172356e+00   9.3424792e-03   6.0643568e-02
   4.7010000e+02   3.5169380e+00   3.1144716e-03   6.3735020e-02   3.5169380e+00   3.1144716e-03   6.3735020e-02
   4.7020000e+02   3.5166247e+00  -3.1130700e-03   6.6300540e-02   3.5166247e+00  -3.1130700e-03   6.6300540e-02
   4.7030000e+02   3.5163016e+00  -9.2875824e-03   6.8317392e-02   3.5163016e+00  -9.2875824e-03   6.8317392e-02
   4.7040000e+02   3.5159744e+00  -1.5356845e-02   6.9767924e-02   3.5159744e+00  -1.5356845e-02   6.9767924e-02
   4.7050000e+02   3.5156490e+00  -2.1269380e-02   7.0639844e-02   3.5156490e+00  -2.1269380e-02   7.0639844e-02
   4.7060000e+02   3.5153308e+00  -2.6974852e-02   7.0926388e-02   3.5153308e+00  -2.6974852e-02   7.0926388e-02
   4.7070000e+02   3.5150254e+00  -3.2424420e-02   7.0626364e-02   3.5150254e+00  -3.2424420e-02   7.0626364e-02
   4.7080000e+02   3.5147382e+00  -3.7571019e-02   6.9744044e-02   3.5147382e+00  -3.7571019e-02   6.9744044e-02
   4.7090000e+02   3.5144747e+00  -4.2369608e-02   6.8288928e-02   3.5144747e+00  -4.2369608e-02   6.8288928e-02
   4.7100000e+02   3.5142406e+00  -4.6777472e-02   6.6275492e-02   3.5142406e+00  -4.6777472e-02   6.6275492e-02
   4.7110000e+02   3.5140414e+00  -5.0754612e-02   6.3722892e-02   3.5140414e+00  -5.0754612e-02   6.3722892e-02
   4.7120000e+02   3.5138823e+00  -5.4264188e-02   6.0654724e-02   3.5138823e+00  -5.4264188e-02   6.0654724e-02
   4.7130000e+02   3.5137682e+00  -5.7272992e-02   5.7098708e-02   3.5137682e+00  -5.7272992e-02   5.7098708e-02
   4.7140000e+02   3.5137034e+00  -5.9751880e-02   5.3086388e-02   3.5137034e+00  -5.9751880e-02   5.3086388e-02
   4.7150000e+02   3.5136914e+00  -6.1676104e-02   4.8652732e-02   3.5136914e+00  -6.1676104e-02   4.8652732e-02
   4.7160000e+02   3.5137354e+00  -6.3025564e-02   4.3835808e-02   3.5137354e+00  -6.3025564e-02   4.3835808e-02
   4.7170000e+02   3.5138374e+00  -6.3784976e-02   3.8676478e-02   3.5138374e+00  -6.3784976e-02   3.8676478e-02
   4.7180000e+02   3.5139994e+00  -6.3943936e-02   3.3218188e-02   3.5139994e+00  -6.3943936e-02   3.3218188e-02
   4.7190000e+02   3.5142228e+00  -6.3496996e-02   2.7506783e-02   3.5142228e+00  -6.3496996e-02   2.7506783e-02
   4.7200000e+02   3.5145088e+00  -6.2443728e-02   2.1590262e-02   3.5145088e+00  -6.2443728e-02   2.1590262e-02
   4.7210000e+02   3.5148580e+00  -6.0788860e-02   1.5518434e-02   3.5148580e+00  -6.0788860e-02   1.5518434e-02
   4.7220000e+02   3.5152704e+00  -5.8542484e-02   9.3424792e-03   3.5152704e+00  -5.8542484e-02   9.3424792e-03
   4.7230000e+02   3.5157457e+00  -5.5720200e-02   3.1144716e-03   3.5157457e+00  -5.5720200e-02   3.1144716e-03
   4.7240000e+02   3.5162827e+00  -5.2343144e-02  -3.1130700e-03   3.5162827e+00  -5.2343144e-02  -3.1130700e-03
   4.7250000e+02   3.5168797e+00  -4.8437832e-02  -9.2875824e-03   3.5168797e+00  -4.8437832e-02  -9.2875824e-03
   4.7260000e+02   3.5175345e+00  -4.4035876e-02  -1.5356845e-02   3.5175345e+00  -4.4035876e-02  -1.5356845e-02
   4.7270000e+02   3.5182442e+00  -3.9173664e-02  -2.1269380e-02   3.5182442e+00  -3.9173664e-02  -2.1269380e-02
   4.7280000e+02   3.5190054e+00  -3.3892048e-02  -2.6974852e-02   3.5190054e+00  -3.3892048e-02  -2.6974852e-02
   4.7290000e+02   3.5198144e+00  -2.8236088e-02  -3.2424420e-02   3.5198144e+00  -2.8236088e-02  -3.2424420e-02
   4.7300000e+02   3.5206665e+00  -2.2254762e-02  -3.7571019e-02   3.5206665e+00  -2.2254762e-02  -3.7571019e-02
   4.7310000e+02   3.5215569e+00  -1.6000632e-02  -4.2369608e-02   3.5215569e+00  -1.6000632e-02  -4.2369608e-02
   4.7320000e+02   3.5224801e+00  -9.5293936e-03  -4.6777472e-02   3.5224801e+00  -9.5293936e-03  -4.6777472e-02
   4.7330000e+02   3.5234302e+00  -2.8992965e-03  -5.0754612e-02   3.5234302e+00  -2.8992965e-03  -5.0754612e-02
   4.7340000e+02   3.5244008e+00   3.8295788e-03  -5.4264188e-02   3.5244008e+00   3.8295788e-03  -5.4264188e-02
   4.7350000e+02   3.5253854e+00   1.0596138e-02  -5.7272992e-02   3.5253854e+00   1.0596138e-02  -5.7272992e-02
   4.7360000e+02   3.5263774e+00   1.7339138e-02  -5.9751880e-02   3.5263774e+00   1.7339138e-02  -5.9751880e-02
   4.7370000e+02   3.5273703e+00   2.3998014e-02  -6.1676104e-02   3.5273703e+00   2.3998014e-02  -6.1676104e-02
   4.7380000e+02   3.5283577e+00   3.0513568e-02  -6.3025564e-02   3.5283577e+00   3.0513568e-02  -6.3025564e-02
   4.7390000e+02   3.5293335e+00   3.6828465e-02  -6.3784976e-02   3.5293335e+00   3.6828465e-02  -6.3784976e-02
   4.7400000e+02   3.5302916e+00   4.2887512e-02  -6.3943936e-02   3.5302916e+00   4.2887512e-02  -6.3943936e-02
   4.7410000e+02   3.5312260e+00   4.8637804e-02  -6.3496996e-02   3.5312260e+00   4.8637804e-02  -6.3496996e-02
   4.7420000e+02   3.5321303e+00   5.4028884e-02  -6.2443728e-02   3.5321303e+00   5.4028884e-02  -6.2443728e-02
   4.7430000e+02   3.5329980e+00   5.9012952e-02  -6.0788860e-02   3.5329980e+00   5.9012952e-02  -6.0788860e-02
   4.7440000e+02   3.5338221e+00   6.3545264e-02  -5.8542484e-02   3.5338221e+00   6.3545264e-02  -5.8542484e-02
   4.7450000e+02   3.5345958e+00   6.7584648e-02  -5.5720200e-02   3.5345958e+00   6.7584648e-02  -5.5720200e-02
   4.7460000e+02   3.5353122e+00   7.1094148e-02  -5.2343144e-02   3.5353122e+00   7.1094148e-02  -5.2343144e-02
   4.7470000e+02   3.5359650e+00   7.4041804e-02  -4.8437832e-02   3.5359650e+00   7.4041804e-02  -4.8437832e-02
   4.7480000e+02   3.5365485e+00   7.6401424e-02  -4.4035876e-02   3.5365485e+00   7.6401424e-02  -4.4035876e-02
   4.7490000e+02   3.5370576e+00   7.8153256e-02  -3.9173664e-02   3.5370576e+00   7.8153256e-02  -3.9173664e-02
   4.7500000e+02   3.5374881e+00   7.9284296e-02  -3.3892048e-02   3.5374881e+00   7.9284296e-02  -3.3892048e-02
   4.7510000e+02   3.5378370e+00   7.9788288e-02  -2.8236088e-02   3.5378370e+00   7.9788288e-02  -2.8236088e-02
   4.7520000e+02   3.5381016e+00   7.9665448e-02  -2.2254762e-02   3.5381016e+00   7.9665448e-02  -2.2254762e-02
   4.7530000e+02   3.5382805e+00   7.8922112e-02  -1.6000632e-02   3.5382805e+00   7.8922112e-02  -1.6000632e-02
   4.7540000e+02   3.5383725e+00   7.7570324e-02  -9.5293936e-03   3.5383725e+00   7.7570324e-02  -9.5293936e-03
   4.7550000e+02   3.5383774e+00   7.5627408e-02  -2.8992965e-03   3.5383774e+00   7.5627408e-02  -2.8992965e-03
   4.7560000e+02   3.5382958e+00   7.3115524e-02   3.8295788e-03   3.5382958e+00   7.3115524e-02   3.8295788e-03
   4.7570000e+02   3.5381287e+00   7.0061208e-02   1.0596138e-02   3.5381287e+00   7.0061208e-02   1.0596138e-02
   4.7580000e+02   3.5378782e+00   6.6494892e-02   1.7339138e-02   3.5378782e+00   6.6494892e-02   1.7339138e-02
   4.7590000e+02   3.5375471e+00   6.2450460e-02   2.3998014e-02   3.5375471e+00   6.2450460e-02   2.3998014e-02
   4.7600000e+02   3.5371393e+00   5.7964896e-02   3.0513568e-02   3.5371393e+00   5.7964896e-02   3.0513568e-02
   4.7610000e+02   3.5366596e+00   5.3077940e-02   3.6828465e-02   3.5366596e+00   5.3077940e-02   3.6828465e-02
   4.7620000e+02   3.5361138e+00   4.7831808e-02   4.2887512e-02   3.5361138e+00   4.7831808e-02   4.2887512e-02
   4.7630000e+02   3.5355084e+00   4.2270888e-02   4.8637804e-02   3.5355084e+00   4.2270888e-02   4.8637804e-02
   4.7640000e+02   3.5348510e+00   3.6441455e-02   5.4028884e-02   3.5348510e+00   3.6441455e-02   5.4028884e-02
   4.7650000e+02   3.5341501e+00   3.0391449e-02   5.9012952e-02   3.5341501e+00   3.0391449e-02   5.9012952e-02
   4.7660000e+02   3.5334146e+00   2.4170253e-02   6.3545264e-02   3.5334146e+00   2.4170253e-02   6.3545264e-02
   4.7670000e+02   3.5326542e+00   1.7828442e-02   6.7584648e-02   3.5326542e+00   1.7828442e-02   6.7584648e-02
   4.7680000e+02   3.5318787e+00   1.1417426e-02   7.1094148e-02   3.5318787e+00   1.1417426e-02   7.1094148e-02
   4.7690000e+02   3.5310982e+00   4.9890176e-03   7.4041804e-02   3.5310982e+00   4.9890176e-03   7.4041804e-02
   4.7700000e+02   3.5303227e+00  -1.4050356e-03   7.6401424e-02   3.5303227e+00  -1.4050356e-03   7.6401424e-02
   4.7710000e+02   3.5295624e+00  -7.7135292e-03   7.8153256e-02   3.5295624e+00  -7.7135292e-03   7.8153256e-02
   4.7720000e+02   3.5288269e+00  -1.3886340e-02   7.9284296e-02   3.5288269e+00  -1.3886340e-02   7.9284296e-02
   4.7730000e+02   3.5281260e+00  -1.9874987e-02   7.9788288e-02   3.5281260e+00  -1.9874987e-02   7.9788288e-02
   4.7740000e+02   3.5274689e+00  -2.5633106e-02   7.9665448e-02   3.5274689e+00  -2.5633106e-02   7.9665448e-02
   4.7750000e+02   3.5268646e+00  -3.1116746e-02   7.8922112e-02   3.5268646e+00  -3.1116746e-02   7.8922112e-02
   4.7760000e+02   3.5263216e+00  -3.6284504e-02   7.7570324e-02   3.5263216e+00  -3.6284504e-02   7.7570324e-02
   4.7770000e+02   3.5258473e+00  -4.1097584e-02   7.5627408e-02   3.5258473e+00  -4.1097584e-02   7.5627408e-02
   4.7780000e+02   3.5254490e+00  -4.5519880e-02   7.3115524e-02   3.5254490e+00  -4.5519880e-02   7.3115524e-02
   4.7790000e+02   3.5251326e+00  -4.9518144e-02   7.0061208e-02   3.5251326e+00  -4.9518144e-02   7.0061208e-02
   4.7800000e+02   3.5249033e+00  -5.3062208e-02   6.6494892e-02   3.5249033e+00  -5.3062208e-02   6.6494892e-02
   4.7810000e+02   3.5247655e+00  -5.6125296e-02   6.2450460e-02   3.5247655e+00  -5.6125296e-02   6.2450460e-02
   4.7820000e+02   3.5247225e+00  -5.8684264e-02   5.7964896e-02   3.5247225e+00  -5.8684264e-02   5.7964896e-02
   4.7830000e+02   3.5247764e+00  -6.0719828e-02   5.3077940e-02   3.5247764e+00  -6.0719828e-02   5.3077940e-02
   4.7840000e+02   3.5249286e+00  -6.2216668e-02   4.7831808e-02   3.5249286e+00  -6.2216668e-02   4.7831808e-02
   4.7850000e+02   3.5251792e+00  -6.3163464e-02   4.2270888e-02   3.5251792e+00  -6.3163464e-02   4.2270888e-02
   4.7860000e+02   3.5255271e+00  -6.3552988e-02   3.6441455e-02   3.5255271e+00  -6.3552988e-02   3.6441455e-02
   4.7870000e+02   3.5259702e+00  -6.3382212e-02   3.0391449e-02   3.5259702e+00  -6.3382212e-02   3.0391449e-02
   4.7880000e+02   3.5265049e+00  -6.2652428e-02   2.4170253e-02   3.5265049e+00  -6.2652428e-02   2.4170253e-02
   4.7890000e+02   3.5271268e+00  -6.1369360e-02   1.7828442e-02   3.5271268e+00  -6.1369360e-02   1.7828442e-02
   4.7900000e+02   3.5278305e+00  -5.9543164e-02   1.1417426e-02   3.5278305e+00  -5.9543164e-02   1.1417426e-02
   4.7910000e+02   3.5286095e+00  -5.7188364e-02   4.9890176e-03   3.5286095e+00  -5.7188364e-02   4.9890176e-03
   4.7920000e+02   3.5294568e+00  -5.4323720e-02  -1.4050356e-03   3.5294568e+00  -5.4323720e-02  -1.4050356e-03
   4.7930000e+02   3.5303644e+00  -5.0972136e-02  -7.7135292e-03   3.5303644e+00  -5.0972136e-02  -7.7135292e-03
   4.7940000e+02   3.5313238e+00  -4.7160560e-02  -1.3886340e-02   3.5313238e+00  -4.7160560e-02  -1.3886340e-02
   4.7950000e+02   3.5323256e+00  -4.2919908e-02  -1.9874987e-02   3.5323256e+00  -4.2919908e-02  -1.9874987e-02
   4.7960000e+02   3.5333602e+00  -3.8284890e-02  -2.5633106e-02   3.5333602e+00  -3.8284890e-02  -2.5633106e-02
   4.7970000e+02   3.5344166e+00  -3.3293779e-02  -3.1116746e-02   3.5344166e+00  -3.3293779e-02  -3.1116746e-02
   4.7980000e+02   3.5354840e+00  -2.7988095e-02  -3.6284504e-02   3.5354840e+00  -2.7988095e-02  -3.6284504e-02
   4.7990000e+02   3.5365504e+00  -2.2412268e-02  -4.1097584e-02   3.5365504e+00  -2.2412268e-02  -4.1097584e-02
   4.8000000e+02   3.5376038e+00  -1.6613286e-02  -4.5519880e-02   3.5376038e+00  -1.6613286e-02  -4.5519880e-02
   4.8010000e+02   3.5386319e+00  -1.0640299e-02  -4.9518144e-02   3.5386319e+00  -1.0640299e-02  -4.9518144e-02
   4.8020000e+02   3.5396222e+00  -4.5441804e-03  -5.3062208e-02   3.5396222e+00  -4.5441804e-03  -5.3062208e-02
   4.8030000e+02   3.5405627e+00   1.6229513e-03  -5.6125296e-02   3.5405627e+00   1.6229513e-03  -5.6125296e-02
   4.8040000e+02   3.5414414e+00   7.8081840e-03  -5.8684264e-02   3.5414414e+00   7.8081840e-03  -5.8684264e-02
   4.8050000e+02   3.5422471e+00   1.3958247e-02  -6.0719828e-02   3.5422471e+00   1.3958247e-02  -6.0719828e-02
   4.8060000e+02   3.5429693e+00   2.0019966e-02  -6.2216668e-02   3.5429693e+00   2.0019966e-02  -6.2216668e-02
   4.8070000e+02   3.5435983e+00   2.5940804e-02  -6.3163464e-02   3.5435983e+00   2.5940804e-02  -6.3163464e-02
   4.8080000e+02   3.5441252e+00   3.1669492e-02  -6.3552988e-02   3.5441252e+00   3.1669492e-02  -6.3552988e-02
   4.8090000e+02   3.5445421e+00   3.7156708e-02  -6.3382212e-02   3.5445421e+00   3.7156708e-02  -6.3382212e-02
   4.8100000e+02   3.5448418e+00   4.2355664e-02  -6.2652428e-02   3.5448418e+00   4.2355664e-02  -6.2652428e-02
   4.8110000e+02   3.5450182e+00   4.7222556e-02  -6.1369360e-02   3.5450182e+00   4.7222556e-02  -6.1369360e-02
   4.8120000e+02   3.5450662e+00   5.1716828e-02  -5.9543164e-02   3.5450662e+00   5.1716828e-02  -5.9543164e-02
   4.8130000e+02   3.5449819e+00   5.5801368e-02  -5.7188364e-02   3.5449819e+00   5.5801368e-02  -5.7188364e-02
   4.8140000e+02   3.5447628e+00   5.9442748e-02  -5.4323720e-02   3.5447628e+00   5.9442748e-02  -5.4323720e-02
   4.8150000e+02   3.5444081e+00   6.2611492e-02  -5.0972136e-02   3.5444081e+00   6.2611492e-02  -5.0972136e-02
   4.8160000e+02   3.5439183e+00   6.5282468e-02  -4.7160560e-02   3.5439183e+00   6.5282468e-02  -4.7160560e-02
   4.8170000e+02   3.5432954e+00   6.7435228e-02  -4.2919908e-02   3.5432954e+00   6.7435228e-02  -4.2919908e-02
   4.8180000e+02   3.5425429e+00   6.9054276e-02  -3.8284890e-02   3.5425429e+00   6.9054276e-02  -3.8284890e-02
   4.8190000e+02   3.5416658e+00   7.0129276e-02  -3.3293779e-02   3.5416658e+00   7.0129276e-02  -3.3293779e-02
   4.8200000e+02   3.5406705e+00   7.0655144e-02  -2.7988095e-02   3.5406705e+00   7.0655144e-02  -2.7988095e-02
   4.8210000e+02   3.5395647e+00   7.0632016e-02  -2.2412268e-02   3.5395647e+00   7.0632016e-02  -2.2412268e-02
   4.8220000e+02   3.5383574e+00   7.0065076e-02  -1.6613286e-02   3.5383574e+00   7.0065076e-02  -1.6613286e-02
   4.8230000e+02   3.5370587e+00   6.8964264e-02  -1.0640299e-02   3.5370587e+00   6.8964264e-02  -1.0640299e-02
   4.8240000e+02   3.5356797e+00   6.7343876e-02  -4.5441804e-03   3.5356797e+00   6.7343876e-02  -4.5441804e-03
   4.8250000e+02   3.5342323e+00   6.5222276e-02   1.6229513e-03   3.5342323e+00   6.5222276e-02   1.6229513e-03
   4.8260000e+02   3.5327289e+00   6.2621640e-02   7.8081840e-03   3.5327289e+00   6.2621640e-02   7.8081840e-03
   4.8270000e+02   3.5311826e+00   5.9567788e-02   1.3958247e-02   3.5311826e+00   5.9567788e-02   1.3958247e-02
   4.8280000e+02   3.5296067e+00   5.6089960e-02   2.0019966e-02   3.5296067e+00   5.6089960e-02   2.0019966e-02
   4.8290000e+02   3.5280147e+00   5.2220540e-02   2.5940804e-02   3.5280147e+00   5.2220540e-02   2.5940804e-02
   4.8300000e+02   3.5264202e+00   4.7994676e-02   3.1669492e-02   3.5264202e+00   4.7994676e-02   3.1669492e-02
   4.8310000e+02   3.5248366e+00   4.3449848e-02   3.7156708e-02   3.5248366e+00   4.3449848e-02   3.7156708e-02
   4.8320000e+02   3.5232768e+00   3.8625502e-02   4.2355664e-02   3.5232768e+00   3.8625502e-02   4.2355664e-02
   4.8330000e+02   3.5217534e+00   3.3562802e-02   4.7222556e-02   3.5217534e+00   3.3562802e-02   4.7222556e-02
   4.8340000e+02   3.5202779e+00   2.8304445e-02   5.1716828e-02   3.5202779e+00   2.8304445e-02   5.1716828e-02
   4.8350000e+02   3.5188613e+00   2.2894464e-02   5.5801368e-02   3.5188613e+00   2.2894464e-02   5.5801368e-02
   4.8360000e+02   3.5175137e+00   1.7377874e-02   5.9442748e-02   3.5175137e+00   1.7377874e-02   5.9442748e-02
   4.8370000e+02   3.5162441e+00   1.1800168e-02   6.2611492e-02   3.5162441e+00   1.1800168e-02   6.2611492e-02
   4.8380000e+02   3.5150604e+00   6.2067372e-03   6.5282468e-02   3.5150604e+00   6.2067372e-03   6.5282468e-02
   4.8390000e+02   3.5139696e+00   6.4240172e-04   6.7435228e-02   3.5139696e+00   6.4240172e-04   6.7435228e-02
   4.8400000e+02   3.5129776e+00  -4.8488984e-03   6.9054276e-02   3.5129776e+00  -4.8488984e-03   6.9054276e-02
   4.8410000e+02   3.5120893e+00  -1.0224276e-02   7.0129276e-02   3.5120893e+00  -1.0224276e-02   7.0129276e-02
   4.8420000e+02   3.5113088e+00  -1.5442033e-02   7.0655144e-02   3.5113088e+00  -1.5442033e-02   7.0655144e-02
   4.8430000e+02   3.5106391e+00  -2.0461834e-02   7.0632016e-02   3.5106391e+00  -2.0461834e-02   7.0632016e-02
   4.8440000e+02   3.5100820e+00  -2.5244921e-02   7.0065076e-02   3.5100820e+00  -2.5244921e-02   7.0065076e-02
   4.8450000e+02   3.5096388e+00  -2.9754354e-02   6.8964264e-02   3.5096388e+00  -2.9754354e-02   6.8964264e-02
   4.8460000e+02   3.5093095e+00  -3.3955250e-02   6.7343876e-02   3.5093095e+00  -3.3955250e-02   6.7343876e-02
   4.8470000e+02   3.5090932e+00  -3.7815030e-02   6.5222276e-02   3.5090932e+00  -3.7815030e-02   6.5222276e-02
   4.8480000e+02   3.5089883e+00  -4.1303704e-02   6.2621640e-02   3.5089883e+00  -4.1303704e-02   6.2621640e-02
   4.8490000e+02   3.5089922e+00  -4.4394196e-02   5.9567788e-02   3.5089922e+00  -4.4394196e-02   5.9567788e-02
   4.8500000e+02   3.5091017e+00  -4.7062696e-02   5.6089960e-02   3.5091017e+00  -4.7062696e-02   5.6089960e-02
   4.8510000e+02   3.5093127e+00  -4.9288960e-02   5.2220540e-02   3.5093127e+00  -4.9288960e-02   5.2220540e-02
   4.8520000e+02   3.5096205e+00  -5.1056492e-02   4.7994676e-02   3.5096205e+00  -5.1056492e-02   4.7994676e-02
   4.8530000e+02   3.5100198e+00  -5.2352620e-02   4.3449848e-02   3.5100198e+00  -5.2352620e-02   4.3449848e-02
   4.8540000e+02   3.5105045e+00  -5.3168492e-02   3.8625502e-02   3.5105045e+00  -5.3168492e-02   3.8625502e-02
   4.8550000e+02   3.5110681e+00  -5.3499076e-02   3.3562802e-02   3.5110681e+00  -5.3499076e-02   3.3562802e-02
   4.8560000e+02   3.5117035e+00  -5.3343220e-02   2.8304445e-02   3.5117035e+00  -5.3343220e-02   2.8304445e-02
   4.8570000e+02   3.5124030e+00  -5.2703740e-02   2.2894464e-02   3.5124030e+00  -5.2703740e-02   2.2894464e-02
   4.8580000e+02   3.5131587e+00  -5.1587492e-02   1.7377874e-02   3.5131587e+00  -5.1587492e-02   1.7377874e-02
   4.8590000e+02   3.5139623e+00  -5.0005392e-02   1.1800168e-02   3.5139623e+00  -5.0005392e-02   1.1800168e-02
   4.8600000e+02   3.5148050e+00  -4.7972356e-02   6.2067372e-03   3.5148050e+00  -4.7972356e-02   6.2067372e-03
   4.8610000e+02   3.5156782e+00  -4.5507256e-02   6.4240172e-04   3.5156782e+00  -4.5507256e-02   6.4240172e-04
   4.8620000e+02   3.5165726e+00  -4.2632804e-02  -4.8488984e-03   3.5165726e+00  -4.2632804e-02  -4.8488984e-03
   4.8630000e+02   3.5174789e+00  -3.9375493e-02  -1.0224276e-02   3.5174789e+00  -3.9375493e-02  -1.0224276e-02
   4.8640000e+02   3.5183876e+00  -3.5765454e-02  -1.5442033e-02   3.5183876e+00  -3.5765454e-02  -1.5442033e-02
   4.8650000e+02   3.5192890e+00  -3.1836280e-02  -2.0461834e-02   3.5192890e+00  -3.1836280e-02  -2.0461834e-02
   4.8660000e+02   3.5201732e+00  -2.7624726e-02  -2.5244921e-02   3.5201732e+00  -2.7624726e-02  -2.5244921e-02
   4.8670000e+02   3.5210301e+00  -2.3170331e-02  -2.9754354e-02   3.5210301e+00  -2.3170331e-02  -2.9754354e-02
   4.8680000e+02   3.5218496e+00  -1.8514981e-02  -3.3955250e-02   3.5218496e+00  -1.8514981e-02  -3.3955250e-02
   4.8690000e+02   3.5226218e+00  -1.3702489e-02  -3.7815030e-02   3.5226218e+00  -1.3702489e-02  -3.7815030e-02
   4.8700000e+02   3.5233370e+00  -8.7781980e-03  -4.1303704e-02   3.5233370e+00  -8.7781980e-03  -4.1303704e-02
   4.8710000e+02   3.5239857e+00  -3.7886007e-03  -4.4394196e-02   3.5239857e+00  -3.7886007e-03  -4.4394196e-02
   4.8720000e+02   3.5245592e+00   1.2190748e-03  -4.7062696e-02   3.5245592e+00   1.2190748e-03  -4.7062696e-02
   4.8730000e+02   3.5250496e+00   6.1973016e-03  -4.9288960e-02   3.5250496e+00   6.1973016e-03  -4.9288960e-02
   4.8740000e+02   3.5254494e+00   1.1098700e-02  -5.1056492e-02   3.5254494e+00   1.1098700e-02  -5.1056492e-02
   4.8750000e+02   3.5257525e+00   1.5876485e-02  -5.2352620e-02   3.5257525e+00   1.5876485e-02  -5.2352620e-02
   4.8760000e+02   3.5259530e+00   2.0484905e-02  -5.3168492e-02   3.5259530e+00   2.0484905e-02  -5.3168492e-02
   4.8770000e+02   3.5260461e+00   2.4879668e-02  -5.3499076e-02   3.5260461e+00   2.4879668e-02  -5.3499076e-02
   4.8780000e+02   3.5260274e+00   2.9018335e-02  -5.3343220e-02   3.5260274e+00   2.9018335e-02  -5.3343220e-02
   4.8790000e+02   3.5258936e+00   3.2860663e-02  -5.2703740e-02   3.5258936e+00   3.2860663e-02  -5.2703740e-02
   4.8800000e+02   3.5256421e+00   3.6368936e-02  -5.1587492e-02   3.5256421e+00   3.6368936e-02  -5.1587492e-02
   4.8810000e+02   3.5252718e+00   3.9508294e-02  -5.0005392e-02   3.5252718e+00   3.9508294e-02  -5.0005392e-02
   4.8820000e+02   3.5247827e+00   4.2247092e-02  -4.7972356e-02   3.5247827e+00   4.2247092e-02  -4.7972356e-02
   4.8830000e+02   3.5241766e+00   4.4557264e-02  -4.5507256e-02   3.5241766e+00   4.4557264e-02  -4.5507256e-02
   4.8840000e+02   3.5234564e+00   4.6414680e-02  -4.2632804e-02   3.5234564e+00   4.6414680e-02  -4.2632804e-02
   4.8850000e+02   3.5226270e+00   4.7799456e-02  -3.9375493e-02   3.5226270e+00   4.7799456e-02  -3.9375493e-02
   4.8860000e+02   3.5216945e+00   4.8696244e-02  -3.5765454e-02   3.5216945e+00   4.8696244e-02  -3.5765454e-02
   4.8870000e+02   3.5206666e+00   4.9094428e-02  -3.1836280e-02   3.5206666e+00   4.9094428e-02  -3.1836280e-02
   4.8880000e+02   3.5195524e+00   4.8988256e-02  -2.7624726e-02   3.5195524e+00   4.8988256e-02  -2.7624726e-02
   4.8890000e+02   3.5183623e+00   4.8376892e-02  -2.3170331e-02   3.5183623e+00   4.8376892e-02  -2.3170331e-02
   4.8900000e+02   3.5171080e+00   4.7264348e-02  -1.8514981e-02   3.5171080e+00   4.7264348e-02  -1.8514981e-02
   4.8910000e+02   3.5158018e+00   4.5659392e-02  -1.3702489e-02   3.5158018e+00   4.5659392e-02  -1.3702489e-02
   4.8920000e+02   3.5144570e+00   4.3575396e-02  -8.7781980e-03   3.5144570e+00   4.3575396e-02  -8.7781980e-03
   4.8930000e+02   3.5130872e+00   4.1030160e-02  -3.7886007e-03   3.5130872e+00   4.1030160e-02  -3.7886007e-03
   4.8940000e+02   3.5117068e+00   3.8045770e-02   1.2190748e-03   3.5117068e+00   3.8045770e-02   1.2190748e-03
   4.8950000e+02   3.5103299e+00   3.4648384e-02   6.1973016e-03   3.5103299e+00   3.4648384e-02   6.1973016e-03
   4.8960000e+02   3.5089709e+00   3.0868012e-02   1.1098700e-02   3.5089709e+00   3.0868012e-02   1.1098700e-02
   4.8970000e+02   3.5076440e+00   2.6738210e-02   1.5876485e-02   3.5076440e+00   2.6738210e-02   1.5876485e-02
   4.8980000e+02   3.5063630e+00   2.2295748e-02   2.0484905e-02   3.5063630e+00   2.2295748e-02   2.0484905e-02
   4.8990000e+02   3.5051411e+00   1.7580248e-02   2.4879668e-02   3.5051411e+00   1.7580248e-02   2.4879668e-02
   4.9000000e+02   3.5039908e+00   1.2633816e-02   2.9018335e-02   3.5039908e+00   1.2633816e-02   2.9018335e-02
   4.9010000e+02   3.5029236e+00   7.5006480e-03   3.2860663e-02   3.5029236e+00   7.5006480e-03   3.2860663e-02
   4.9020000e+02   3.5019499e+00   2.2266198e-03   3.6368936e-02   3.5019499e+00   2.2266198e-03   3.6368936e-02
   4.9030000e+02   3.5010786e+00  -3.1411560e-03   3.9508294e-02   3.5010786e+00  -3.1411560e-03   3.9508294e-02
   4.9040000e+02   3.5003175e+00  -8.5547768e-03   4.2247092e-02   3.5003175e+00  -8.5547768e-03   4.2247092e-02
   4.9050000e+02   3.4996725e+00  -1.3965990e-02   4.4557264e-02   3.4996725e+00  -1.3965990e-02   4.4557264e-02
   4.9060000e+02   3.4991482e+00  -1.9326616e-02   4.6414680e-02   3.4991482e+00  -1.9326616e-02   4.6414680e-02
   4.9070000e+02   3.4987479e+00  -2.4588935e-02   4.7799456e-02   3.4987479e+00  -2.4588935e-02   4.7799456e-02
   4.9080000e+02   3.4984732e+00  -2.9706056e-02   4.8696244e-02   3.4984732e+00  -2.9706056e-02   4.8696244e-02
   4.9090000e+02   3.4983244e+00  -3.4632254e-02   4.9094428e-02   3.4983244e+00  -3.4632254e-02   4.9094428e-02
   4.9100000e+02   3.4983006e+00  -3.9323296e-02   4.8988256e-02   3.4983006e+00  -3.9323296e-02   4.8988256e-02
   4.9110000e+02   3.4983998e+00  -4.3736780e-02   4.8376892e-02   3.4983998e+00  -4.3736780e-02   4.8376892e-02
   4.9120000e+02   3.4986186e+00  -4.7832520e-02   4.7264348e-02   3.4986186e+00  -4.7832520e-02   4.7264348e-02
   4.9130000e+02   3.4989526e+00  -5.1572940e-02   4.5659392e-02   3.4989526e+00  -5.1572940e-02   4.5659392e-02
   4.9140000e+02   3.4993965e+00  -5.4923532e-02   4.3575396e-02   3.4993965e+00  -5.4923532e-02   4.3575396e-02
   4.9150000e+02   3.4999440e+00  -5.7853268e-02   4.1030160e-02   3.4999440e+00  -5.7853268e-02   4.1030160e-02
   4.9160000e+02   3.5005878e+00  -6.0334984e-02   3.8045770e-02   3.5005878e+00  -6.0334984e-02   3.8045770e-02
   4.9170000e+02   3.5013201e+00  -6.2345668e-02   3.4648384e-02   3.5013201e+00  -6.2345668e-02   3.4648384e-02
   4.9180000e+02   3.5021323e+00  -6.3866664e-02   3.0868012e-02   3.5021323e+00  -6.3866664e-02   3.0868012e-02
   4.9190000e+02   3.5030152e+00  -6.4883736e-02   2.6738210e-02   3.5030152e+00  -6.4883736e-02   2.6738210e-02
   4.9200000e+02   3.5039597e+00  -6.5387096e-02   2.2295748e-02   3.5039597e+00  -6.5387096e-02   2.2295748e-02
   4.9210000e+02   3.5049560e+00  -6.5371344e-02   1.7580248e-02   3.5049560e+00  -6.5371344e-02   1.7580248e-02
   4.9220000e+02   3.5059944e+00  -6.4835468e-02   1.2633816e-02   3.5059944e+00  -6.4835468e-02   1.2633816e-02
   4.9230000e+02   3.5070653e+00  -6.3782856e-02   7.5006480e-03   3.5070653e+00  -6.3782856e-02   7.5006480e-03
   4.9240000e+02   3.5081592e+00  -6.2221300e-02   2.2266198e-03   3.5081592e+00  -6.2221300e-02   2.2266198e-03
   4.9250000e+02   3.5092664e+00  -6.0163000e-02  -3.1411560e-03   3.5092664e+00  -6.0163000e-02  -3.1411560e-03
   4.9260000e+02   3.5103780e+00  -5.7624468e-02  -8.5547768e-03   3.5103780e+00  -5.7624468e-02  -8.5547768e-03
   4.9270000e+02   3.5114849e+00  -5.4626384e-02  -1.3965990e-02   3.5114849e+00  -5.4626384e-02  -1.3965990e-02
   4.9280000e+02   3.5125785e+00  -5.1193392e-02  -1.9326616e-02   3.5125785e+00  -5.1193392e-02  -1.9326616e-02
   4.9290000e+02   3.5136507e+00  -4.7353888e-02  -2.4588935e-02   3.5136507e+00  -4.7353888e-02  -2.4588935e-02
   4.9300000e+02   3.5146934e+00  -4.3139808e-02  -2.9706056e-02   3.5146934e+00  -4.3139808e-02  -2.9706056e-02
   4.9310000e+02   3.5156994e+00  -3.8586482e-02  -3.4632254e-02   3.5156994e+00  -3.8586482e-02  -3.4632254e-02
   4.9320000e+02   3.5166616e+00  -3.3732418e-02  -3.9323296e-02   3.5166616e+00  -3.3732418e-02  -3.9323296e-02
   4.9330000e+02   3.5175734e+00  -2.8619094e-02  -4.3736780e-02   3.5175734e+00  -2.8619094e-02  -4.3736780e-02
   4.9340000e+02   3.5184286e+00  -2.3290667e-02  -4.7832520e-02   3.5184286e+00  -2.3290667e-02  -4.7832520e-02
   4.9350000e+02   3.5192216e+00  -1.7793594e-02  -5.1572940e-02   3.5192216e+00  -1.7793594e-02  -5.1572940e-02
   4.9360000e+02   3.5199476e+00  -1.2176184e-02  -5.4923532e-02   3.5199476e+00  -1.2176184e-02  -5.4923532e-02
   4.9370000e+02   3.5206022e+00  -6.4880944e-03  -5.7853268e-02   3.5206022e+00  -6.4880944e-03  -5.7853268e-02
   4.9380000e+02   3.5211822e+00  -7.7980740e-04  -6.0334984e-02   3.5211822e+00  -7.7980740e-04  -6.0334984e-02
   4.9390000e+02   3.5216854e+00   4.8978688e-03  -6.2345668e-02   3.5216854e+00   4.8978688e-03  -6.2345668e-02
   4.9400000e+02   3.5221106e+00   1.0494223e-02  -6.3866664e-02   3.5221106e+00   1.0494223e-02  -6.3866664e-02
   4.9410000e+02   3.5224580e+00   1.5958963e-02  -6.4883736e-02   3.5224580e+00   1.5958963e-02  -6.4883736e-02
   4.9420000e+02   3.5227287e+00   2.1242453e-02  -6.5387096e-02   3.5227287e+00   2.1242453e-02  -6.5387096e-02
   4.9430000e+02   3.5229243e+00   2.6295928e-02  -6.5371344e-02   3.5229243e+00   2.6295928e-02  -6.5371344e-02
   4.9440000e+02   3.5230474e+00   3.1071781e-02  -6.4835468e-02   3.5230474e+00   3.1071781e-02  -6.4835468e-02
   4.9450000e+02   3.5231008e+00   3.5523960e-02  -6.3782856e-02   3.5231008e+00   3.5523960e-02  -6.3782856e-02
   4.9460000e+02   3.5230879e+00   3.9608472e-02  -6.2221300e-02   3.5230879e+00   3.9608472e-02  -6.2221300e-02
   4.9470000e+02   3.5230126e+00   4.3283940e-02  -6.0163000e-02   3.5230126e+00   4.3283940e-02  -6.0163000e-02
   4.9480000e+02   3.5228793e+00   4.6512180e-02  -5.7624468e-02   3.5228793e+00   4.6512180e-02  -5.7624468e-02
   4.9490000e+02   3.5226934e+00   4.9258784e-02  -5.4626384e-02   3.5226934e+00   4.9258784e-02  -5.4626384e-02
   4.9500000e+02   3.5224609e+00   5.1493684e-02  -5.1193392e-02   3.5224609e+00   5.1493684e-02  -5.1193392e-02
   4.9510000e+02   3.5221887e+00   5.3191640e-02  -4.7353888e-02   3.5221887e+00   5.3191640e-02  -4.7353888e-02
   4.9520000e+02   3.5218843e+00   5.4332644e-02  -4.3139808e-02   3.5218843e+00   5.4332644e-02  -4.3139808e-02
   4.9530000e+02   3.5215558e+00   5.4902188e-02  -3.8586482e-02   3.5215558e+00   5.4902188e-02  -3.8586482e-02
   4.9540000e+02   3.5212118e+00   5.4891436e-02  -3.3732418e-02   3.5212118e+00   5.4891436e-02  -3.3732418e-02
   4.9550000e+02   3.5208613e+00   5.4297308e-02  -2.8619094e-02   3.5208613e+00   5.4297308e-02  -2.8619094e-02
   4.9560000e+02   3.5205132e+00   5.3122492e-02  -2.3290667e-02   3.5205132e+00   5.3122492e-02  -2.3290667e-02
   4.9570000e+02   3.5201766e+00   5.1375432e-02  -1.7793594e-02   3.5201766e+00   5.1375432e-02  -1.7793594e-02
   4.9580000e+02   3.5198602e+00   4.9070200e-02  -1.2176184e-02   3.5198602e+00   4.9070200e-02  -1.2176184e-02
   4.9590000e+02   3.5195721e+00   4.6226288e-02  -6.4880944e-03   3.5195721e+00   4.6226288e-02  -6.4880944e-03
   4.9600000e+02   3.5193202e+00   4.2868376e-02  -7.7980740e-04   3.5193202e+00   4.2868376e-02  -7.7980740e-04
   4.9610000e+02   3.5191117e+00   3.9025986e-02   4.8978688e-03   3.5191117e+00   3.9025986e-02   4.8978688e-03
   4.9620000e+02   3.5189531e+00   3.4733175e-02   1.0494223e-02   3.5189531e+00   3.4733175e-02   1.0494223e-02
   4.9630000e+02   3.5188502e+00   3.0028135e-02   1.5958963e-02   3.5188502e+00   3.0028135e-02   1.5958963e-02
   4.9640000e+02   3.5188080e+00   2.4952823e-02   2.1242453e-02   3.5188080e+00   2.4952823e-02   2.1242453e-02
   4.9650000e+02   3.5188308e+00   1.9552578e-02   2.6295928e-02   3.5188308e+00   1.9552578e-02   2.6295928e-02
   4.9660000e+02   3.5189218e+00   1.3875787e-02   3.1071781e-02   3.5189218e+00   1.3875787e-02   3.1071781e-02
   4.9670000e+02   3.5190836e+00   7.9735736e-03   3.5523960e-02   3.5190836e+00   7.9735736e-03   3.5523960e-02
   4.9680000e+02   3.5193178e+00   1.8994770e-03   3.9608472e-02   3.5193178e+00   1.8994770e-03   3.9608472e-02
   4.9690000e+02   3.5196253e+00  -4.2909428e-03   4.3283940e-02   3.5196253e+00  -4.2909428e-03   4.3283940e-02
   4.9700000e+02   3.5200060e+00  -1.0540638e-02   4.6512180e-02   3.5200060e+00  -1.0540638e-02   4.6512180e-02
   4.9710000e+02   3.5204586e+00  -1.6791743e-02   4.9258784e-02   3.5204586e+00  -1.6791743e-02   4.9258784e-02
   4.9720000e+02   3.5209809e+00  -2.2986332e-02   5.1493684e-02   3.5209809e+00  -2.2986332e-02   5.1493684e-02
   4.9730000e+02   3.5215698e+00  -2.9067175e-02   5.3191640e-02   3.5215698e+00  -2.9067175e-02   5.3191640e-02
   4.9740000e+02   3.5222213e+00  -3.4978478e-02   5.4332644e-02   3.5222213e+00  -3.4978478e-02   5.4332644e-02
   4.9750000e+02   3.5229304e+00  -4.0666596e-02   5.4902188e-02   3.5229304e+00  -4.0666596e-02   5.4902188e-02
   4.9760000e+02   3.5236914e+00  -4.6080764e-02   5.4891436e-02   3.5236914e+00  -4.6080764e-02   5.4891436e-02
   4.9770000e+02   3.5244981e+00  -5.1173748e-02   5.4297308e-02   3.5244981e+00  -5.1173748e-02   5.4297308e-02
   4.9780000e+02   3.5253436e+00  -5.5902272e-02   5.3122492e-02   3.5253436e+00  -5.5902272e-02   5.3122492e-02
   4.9790000e+02   3.5262205e+00  -6.0227180e-02   5.1375432e-02   3.5262205e+00  -6.0227180e-02   5.1375432e-02
   4.9800000e+02   3.5271208e+00  -6.4113400e-02   4.9070200e-02   3.5271208e+00  -6.4113400e-02   4.9070200e-02
   4.9810000e+02   3.5280365e+00  -6.7529880e-02   4.6226288e-02   3.5280365e+00  -6.7529880e-02   4.6226288e-02
   4.9820000e+02   3.5289590e+00  -7.0449700e-02   4.2868376e-02   3.5289590e+00  -7.0449700e-02   4.2868376e-02
   4.9830000e+02   3.5298797e+00  -7.2850300e-02   3.9025986e-02   3.5298797e+00  -7.2850300e-02   3.9025986e-02
   4.9840000e+02   3.5307899e+00  -7.4713852e-02   3.4733175e-02   3.5307899e+00  -7.4713852e-02   3.4733175e-02
   4.9850000e+02   3.5316808e+00  -7.6027592e-02   3.0028135e-02   3.5316808e+00  -7.6027592e-02   3.0028135e-02
   4.9860000e+02   3.5325438e+00  -7.6784000e-02   2.4952823e-02   3.5325438e+00  -7.6784000e-02   2.4952823e-02
   4.9870000e+02   3.5333704e+00  -7.6980772e-02   1.9552578e-02   3.5333704e+00  -7.6980772e-02   1.9552578e-02
   4.9880000e+02   3.5341524e+00  -7.6620648e-02   1.3875787e-02   3.5341524e+00  -7.6620648e-02   1.3875787e-02
   4.9890000e+02   3.5348818e+00  -7.5711220e-02   7.9735736e-03   3.5348818e+00  -7.5711220e-02   7.9735736e-03
   4.9900000e+02   3.5355513e+00  -7.4264880e-02   1.8994770e-03   3.5355513e+00  -7.4264880e-02   1.8994770e-03
   4.9910000e+02   3.5361540e+00  -7.2298824e-02  -4.2909428e-03   3.5361540e+00  -7.2298824e-02  -4.2909428e-03
   4.9920000e+02   3.5366836e+00  -6.9835060e-02  -1.0540638e-02   3.5366836e+00  -6.9835060e-02  -1.0540638e-02
   4.9930000e+02   3.5371348e+00  -6.6900120e-02  -1.6791743e-02   3.5371348e+00  -6.6900120e-02  -1.6791743e-02
   4.9940000e+02   3.5375024e+00  -6.3524532e-02  -2.2986332e-02   3.5375024e+00  -6.3524532e-02  -2.2986332e-02
   4.9950000e+02   3.5377826e+00  -5.9742168e-02  -2.9067175e-02   3.5377826e+00  -5.9742168e-02  -2.9067175e-02
   4.9960000e+02   3.5379719e+00  -5.5589588e-02  -3.4978478e-02   3.5379719e+00  -5.5589588e-02  -3.4978478e-02
   4.9970000e+02   3.5380680e+00  -5.1105596e-02  -4.0666596e-02   3.5380680e+00  -5.1105596e-02  -4.0666596e-02
   4.9980000e+02   3.5380691e+00  -4.6330872e-02  -4.6080764e-02   3.5380691e+00  -4.6330872e-02  -4.6080764e-02
   4.9990000e+02   3.5379747e+00  -4.1307736e-02  -5.1173748e-02   3.5379747e+00  -4.1307736e-02  -5.1173748e-02
   5.0000000e+02   3.5377844e+00  -3.6078846e-02  -5.5902272e-02   3.5377844e+00  -3.6078846e-02  -5.5902272e-02
   5.0010000e+02   3.5374978e+00  -3.0686858e-02  -6.0227180e-02   3.5374978e+00  -3.0686858e-02  -6.0227180e-02
